50
0.00 1.00
0.02 0.94
0.04 0.88
0.06 0.83
0.08 0.78
0.10 0.73
0.12 0.68
0.14 0.63
0.16 0.59
0.18 0.55
0.20 0.51
0.22 0.48
0.24 0.45
0.27 0.42
0.29 0.39
0.31 0.36
0.33 0.34
0.35 0.32
0.37 0.30
0.39 0.29
0.41 0.28
0.43 0.27
0.45 0.26
0.47 0.25
0.49 0.25
0.51 0.25
0.53 0.25
0.55 0.26
0.57 0.27
0.59 0.28
0.61 0.29
0.63 0.30
0.65 0.32
0.67 0.34
0.69 0.36
0.71 0.39
0.73 0.42
0.76 0.45
0.78 0.48
0.80 0.51
0.82 0.55
0.84 0.59
0.86 0.63
0.88 0.68
0.90 0.73
0.92 0.78
0.94 0.83
0.96 0.88
0.98 0.94
1.00 1.00
50
0.00 0.00
0.02 0.00
0.04 0.00
0.06 0.00
0.08 0.00
0.10 0.00
0.12 0.00
0.14 0.00
0.16 0.00
0.18 0.00
0.20 0.00
0.22 0.00
0.24 0.00
0.27 0.00
0.29 0.00
0.31 0.00
0.33 0.00
0.35 0.00
0.37 0.00
0.39 0.00
0.41 0.00
0.43 0.00
0.45 0.00
0.47 0.00
0.49 0.00
0.51 0.00
0.53 0.00
0.55 0.00
0.57 0.00
0.59 0.00
0.61 0.00
0.63 0.00
0.65 0.00
0.67 0.00
0.69 0.00
0.71 0.00
0.73 0.00
0.76 0.00
0.78 0.00
0.80 0.00
0.82 0.00
0.84 0.00
0.86 0.00
0.88 0.00
0.90 0.00
0.92 0.00
0.94 0.00
0.96 0.00
0.98 0.00
1.00 0.00
50
0.00 0.00
0.00 0.02
0.00 0.04
0.00 0.06
0.00 0.08
0.00 0.10
0.00 0.12
0.00 0.14
0.00 0.16
0.00 0.18
0.00 0.20
0.00 0.22
0.00 0.24
0.00 0.27
0.00 0.29
0.00 0.31
0.00 0.33
0.00 0.35
0.00 0.37
0.00 0.39
0.00 0.41
0.00 0.43
0.00 0.45
0.00 0.47
0.00 0.49
0.00 0.51
0.00 0.53
0.00 0.55
0.00 0.57
0.00 0.59
0.00 0.61
0.00 0.63
0.00 0.65
0.00 0.67
0.00 0.69
0.00 0.71
0.00 0.73
0.00 0.76
0.00 0.78
0.00 0.80
0.00 0.82
0.00 0.84
0.00 0.86
0.00 0.88
0.00 0.90
0.00 0.92
0.00 0.94
0.00 0.96
0.00 0.98
0.00 1.00
50
1.00 0.00
1.04 0.02
1.08 0.04
1.11 0.06
1.15 0.08
1.18 0.10
1.21 0.12
1.24 0.14
1.27 0.16
1.30 0.18
1.32 0.20
1.35 0.22
1.37 0.24
1.39 0.27
1.41 0.29
1.42 0.31
1.44 0.33
1.45 0.35
1.46 0.37
1.47 0.39
1.48 0.41
1.49 0.43
1.49 0.45
1.50 0.47
1.50 0.49
1.50 0.51
1.50 0.53
1.49 0.55
1.49 0.57
1.48 0.59
1.47 0.61
1.46 0.63
1.45 0.65
1.44 0.67
1.42 0.69
1.41 0.71
1.39 0.73
1.37 0.76
1.35 0.78
1.32 0.80
1.30 0.82
1.27 0.84
1.24 0.86
1.21 0.88
1.18 0.90
1.15 0.92
1.11 0.94
1.08 0.96
1.04 0.98
1.00 1.00
