24
0.02 1.00
0.02 1.17
0.02 1.33
0.02 1.50
0.02 1.67
0.02 1.83
0.02 2.00
0.02 2.00
0.21 2.00
0.39 2.00
0.58 2.00
0.77 2.00
0.96 2.00
1.15 2.00
1.33 2.00
1.52 2.00
1.71 2.00
1.90 2.00
2.08 2.00
2.27 2.00
2.46 2.00
2.65 2.00
2.83 2.00
3.02 2.00
24
0.02 -1.00
0.02 -1.17
0.02 -1.33
0.02 -1.50
0.02 -1.67
0.02 -1.83
0.02 -2.00
0.02 -2.00
0.21 -2.00
0.39 -2.00
0.58 -2.00
0.77 -2.00
0.96 -2.00
1.15 -2.00
1.33 -2.00
1.52 -2.00
1.71 -2.00
1.90 -2.00
2.08 -2.00
2.27 -2.00
2.46 -2.00
2.65 -2.00
2.83 -2.00
3.02 -2.00
24
0.02 -1.00
0.28 -0.96
0.40 -0.91
0.52 -0.86
0.62 -0.78
0.72 -0.70
0.80 -0.60
0.87 -0.49
0.93 -0.38
0.97 -0.25
0.99 -0.13
1.00 -0.00
1.00 0.13
0.99 0.25
0.97 0.38
0.93 0.49
0.87 0.60
0.80 0.70
0.72 0.78
0.62 0.86
0.52 0.91
0.40 0.96
0.28 0.99
0.02 1.00
24
3.02 -2.00
3.02 -1.83
3.02 -1.65
3.02 -1.48
3.02 -1.30
3.02 -1.13
3.02 -0.96
3.02 -0.78
3.02 -0.61
3.02 -0.43
3.02 -0.26
3.02 -0.09
3.02 0.09
3.02 0.26
3.02 0.43
3.02 0.61
3.02 0.78
3.02 0.96
3.02 1.13
3.02 1.30
3.02 1.48
3.02 1.65
3.02 1.83
3.02 2.00
