48
-2.98 2.00
-2.92 2.00
-2.85 2.00
-2.79 2.00
-2.72 2.00
-2.66 2.00
-2.60 2.00
-2.53 2.00
-2.47 2.00
-2.41 2.00
-2.34 2.00
-2.28 2.00
-2.21 2.00
-2.15 2.00
-2.09 2.00
-2.02 2.00
-1.96 2.00
-1.89 2.00
-1.83 2.00
-1.77 2.00
-1.70 2.00
-1.64 2.00
-1.58 2.00
-1.51 2.00
-1.45 2.00
-1.38 2.00
-1.32 2.00
-1.26 2.00
-1.19 2.00
-1.13 2.00
-1.07 2.00
-1.00 2.00
-0.94 2.00
-0.87 2.00
-0.81 2.00
-0.75 2.00
-0.68 2.00
-0.62 2.00
-0.55 2.00
-0.49 2.00
-0.43 2.00
-0.36 2.00
-0.30 2.00
-0.24 2.00
-0.17 2.00
-0.11 2.00
-0.04 2.00
0.02 2.00
48
-2.98 -2.00
-2.92 -2.00
-2.85 -2.00
-2.79 -2.00
-2.72 -2.00
-2.66 -2.00
-2.60 -2.00
-2.53 -2.00
-2.47 -2.00
-2.41 -2.00
-2.34 -2.00
-2.28 -2.00
-2.21 -2.00
-2.15 -2.00
-2.09 -2.00
-2.02 -2.00
-1.96 -2.00
-1.89 -2.00
-1.83 -2.00
-1.77 -2.00
-1.70 -2.00
-1.64 -2.00
-1.58 -2.00
-1.51 -2.00
-1.45 -2.00
-1.38 -2.00
-1.32 -2.00
-1.26 -2.00
-1.19 -2.00
-1.13 -2.00
-1.07 -2.00
-1.00 -2.00
-0.94 -2.00
-0.87 -2.00
-0.81 -2.00
-0.75 -2.00
-0.68 -2.00
-0.62 -2.00
-0.55 -2.00
-0.49 -2.00
-0.43 -2.00
-0.36 -2.00
-0.30 -2.00
-0.24 -2.00
-0.17 -2.00
-0.11 -2.00
-0.04 -2.00
0.02 -2.00
48
-2.98 -2.00
-2.98 -1.91
-2.98 -1.83
-2.98 -1.74
-2.98 -1.66
-2.98 -1.57
-2.98 -1.49
-2.98 -1.40
-2.98 -1.32
-2.98 -1.23
-2.98 -1.15
-2.98 -1.06
-2.98 -0.98
-2.98 -0.89
-2.98 -0.81
-2.98 -0.72
-2.98 -0.64
-2.98 -0.55
-2.98 -0.47
-2.98 -0.38
-2.98 -0.30
-2.98 -0.21
-2.98 -0.13
-2.98 -0.04
-2.98 0.04
-2.98 0.13
-2.98 0.21
-2.98 0.30
-2.98 0.38
-2.98 0.47
-2.98 0.55
-2.98 0.64
-2.98 0.72
-2.98 0.81
-2.98 0.89
-2.98 0.98
-2.98 1.06
-2.98 1.15
-2.98 1.23
-2.98 1.32
-2.98 1.40
-2.98 1.49
-2.98 1.57
-2.98 1.66
-2.98 1.74
-2.98 1.83
-2.98 1.91
-2.98 2.00
48
0.02 -2.00
0.02 -1.92
0.02 -1.83
0.02 -1.75
0.02 -1.67
0.02 -1.58
0.02 -1.50
0.02 -1.42
0.02 -1.33
0.02 -1.25
0.02 -1.17
0.02 -1.08
0.02 -1.00
-0.22 -0.97
-0.35 -0.94
-0.46 -0.89
-0.57 -0.82
-0.67 -0.74
-0.76 -0.65
-0.84 -0.55
-0.90 -0.43
-0.95 -0.32
-0.98 -0.19
-1.00 -0.06
-1.00 0.06
-0.98 0.19
-0.95 0.32
-0.90 0.43
-0.84 0.55
-0.76 0.65
-0.67 0.74
-0.57 0.82
-0.46 0.89
-0.35 0.94
-0.22 0.97
-0.10 1.00
0.02 1.00
0.02 1.09
0.02 1.18
0.02 1.27
0.02 1.36
0.02 1.45
0.02 1.55
0.02 1.64
0.02 1.73
0.02 1.82
0.02 1.91
0.02 2.00
