48
3.02 2.00
3.08 2.00
3.15 2.00
3.21 2.00
3.27 2.00
3.34 2.00
3.40 2.00
3.46 2.00
3.53 2.00
3.59 2.00
3.65 2.00
3.72 2.00
3.78 2.00
3.84 2.00
3.91 2.00
3.97 2.00
4.04 2.00
4.10 2.00
4.16 2.00
4.23 2.00
4.29 2.00
4.35 2.00
4.42 2.00
4.48 2.00
4.54 2.00
4.61 2.00
4.67 2.00
4.73 2.00
4.80 2.00
4.86 2.00
4.92 2.00
4.99 2.00
5.05 2.00
5.11 2.00
5.18 2.00
5.24 2.00
5.30 2.00
5.37 2.00
5.43 2.00
5.49 2.00
5.56 2.00
5.62 2.00
5.68 2.00
5.75 2.00
5.81 2.00
5.88 2.00
5.94 2.00
6.00 2.00
48
3.02 -2.00
3.08 -2.00
3.15 -2.00
3.21 -2.00
3.27 -2.00
3.34 -2.00
3.40 -2.00
3.46 -2.00
3.53 -2.00
3.59 -2.00
3.65 -2.00
3.72 -2.00
3.78 -2.00
3.84 -2.00
3.91 -2.00
3.97 -2.00
4.04 -2.00
4.10 -2.00
4.16 -2.00
4.23 -2.00
4.29 -2.00
4.35 -2.00
4.42 -2.00
4.48 -2.00
4.54 -2.00
4.61 -2.00
4.67 -2.00
4.73 -2.00
4.80 -2.00
4.86 -2.00
4.92 -2.00
4.99 -2.00
5.05 -2.00
5.11 -2.00
5.18 -2.00
5.24 -2.00
5.30 -2.00
5.37 -2.00
5.43 -2.00
5.49 -2.00
5.56 -2.00
5.62 -2.00
5.68 -2.00
5.75 -2.00
5.81 -2.00
5.88 -2.00
5.94 -2.00
6.00 -2.00
48
3.02 -2.00
3.02 -1.91
3.02 -1.83
3.02 -1.74
3.02 -1.66
3.02 -1.57
3.02 -1.49
3.02 -1.40
3.02 -1.32
3.02 -1.23
3.02 -1.15
3.02 -1.06
3.02 -0.98
3.02 -0.89
3.02 -0.81
3.02 -0.72
3.02 -0.64
3.02 -0.55
3.02 -0.47
3.02 -0.38
3.02 -0.30
3.02 -0.21
3.02 -0.13
3.02 -0.04
3.02 0.04
3.02 0.13
3.02 0.21
3.02 0.30
3.02 0.38
3.02 0.47
3.02 0.55
3.02 0.64
3.02 0.72
3.02 0.81
3.02 0.89
3.02 0.98
3.02 1.06
3.02 1.15
3.02 1.23
3.02 1.32
3.02 1.40
3.02 1.49
3.02 1.57
3.02 1.66
3.02 1.74
3.02 1.83
3.02 1.91
3.02 2.00
48
6.00 -2.00
6.00 -1.91
6.00 -1.83
6.00 -1.74
6.00 -1.66
6.00 -1.57
6.00 -1.49
6.00 -1.40
6.00 -1.32
6.00 -1.23
6.00 -1.15
6.00 -1.06
6.00 -0.98
6.00 -0.89
6.00 -0.81
6.00 -0.72
6.00 -0.64
6.00 -0.55
6.00 -0.47
6.00 -0.38
6.00 -0.30
6.00 -0.21
6.00 -0.13
6.00 -0.04
6.00 0.04
6.00 0.13
6.00 0.21
6.00 0.30
6.00 0.38
6.00 0.47
6.00 0.55
6.00 0.64
6.00 0.72
6.00 0.81
6.00 0.89
6.00 0.98
6.00 1.06
6.00 1.15
6.00 1.23
6.00 1.32
6.00 1.40
6.00 1.49
6.00 1.57
6.00 1.66
6.00 1.74
6.00 1.83
6.00 1.91
6.00 2.00
