48
-4.00 2.00
-3.98 2.00
-3.95 2.00
-3.93 2.00
-3.91 2.00
-3.89 2.00
-3.87 2.00
-3.85 2.00
-3.82 2.00
-3.80 2.00
-3.78 2.00
-3.76 2.00
-3.74 2.00
-3.72 2.00
-3.69 2.00
-3.67 2.00
-3.65 2.00
-3.63 2.00
-3.61 2.00
-3.59 2.00
-3.56 2.00
-3.54 2.00
-3.52 2.00
-3.50 2.00
-3.48 2.00
-3.46 2.00
-3.43 2.00
-3.41 2.00
-3.39 2.00
-3.37 2.00
-3.35 2.00
-3.33 2.00
-3.30 2.00
-3.28 2.00
-3.26 2.00
-3.24 2.00
-3.22 2.00
-3.20 2.00
-3.17 2.00
-3.15 2.00
-3.13 2.00
-3.11 2.00
-3.09 2.00
-3.07 2.00
-3.04 2.00
-3.02 2.00
-3.00 2.00
-2.98 2.00
48
-4.00 -2.00
-3.98 -2.00
-3.95 -2.00
-3.93 -2.00
-3.91 -2.00
-3.89 -2.00
-3.87 -2.00
-3.85 -2.00
-3.82 -2.00
-3.80 -2.00
-3.78 -2.00
-3.76 -2.00
-3.74 -2.00
-3.72 -2.00
-3.69 -2.00
-3.67 -2.00
-3.65 -2.00
-3.63 -2.00
-3.61 -2.00
-3.59 -2.00
-3.56 -2.00
-3.54 -2.00
-3.52 -2.00
-3.50 -2.00
-3.48 -2.00
-3.46 -2.00
-3.43 -2.00
-3.41 -2.00
-3.39 -2.00
-3.37 -2.00
-3.35 -2.00
-3.33 -2.00
-3.30 -2.00
-3.28 -2.00
-3.26 -2.00
-3.24 -2.00
-3.22 -2.00
-3.20 -2.00
-3.17 -2.00
-3.15 -2.00
-3.13 -2.00
-3.11 -2.00
-3.09 -2.00
-3.07 -2.00
-3.04 -2.00
-3.02 -2.00
-3.00 -2.00
-2.98 -2.00
48
-4.00 -2.00
-4.00 -1.91
-4.00 -1.83
-4.00 -1.74
-4.00 -1.66
-4.00 -1.57
-4.00 -1.49
-4.00 -1.40
-4.00 -1.32
-4.00 -1.23
-4.00 -1.15
-4.00 -1.06
-4.00 -0.98
-4.00 -0.89
-4.00 -0.81
-4.00 -0.72
-4.00 -0.64
-4.00 -0.55
-4.00 -0.47
-4.00 -0.38
-4.00 -0.30
-4.00 -0.21
-4.00 -0.13
-4.00 -0.04
-4.00 0.04
-4.00 0.13
-4.00 0.21
-4.00 0.30
-4.00 0.38
-4.00 0.47
-4.00 0.55
-4.00 0.64
-4.00 0.72
-4.00 0.81
-4.00 0.89
-4.00 0.98
-4.00 1.06
-4.00 1.15
-4.00 1.23
-4.00 1.32
-4.00 1.40
-4.00 1.49
-4.00 1.57
-4.00 1.66
-4.00 1.74
-4.00 1.83
-4.00 1.91
-4.00 2.00
48
-2.98 -2.00
-2.98 -1.91
-2.98 -1.83
-2.98 -1.74
-2.98 -1.66
-2.98 -1.57
-2.98 -1.49
-2.98 -1.40
-2.98 -1.32
-2.98 -1.23
-2.98 -1.15
-2.98 -1.06
-2.98 -0.98
-2.98 -0.89
-2.98 -0.81
-2.98 -0.72
-2.98 -0.64
-2.98 -0.55
-2.98 -0.47
-2.98 -0.38
-2.98 -0.30
-2.98 -0.21
-2.98 -0.13
-2.98 -0.04
-2.98 0.04
-2.98 0.13
-2.98 0.21
-2.98 0.30
-2.98 0.38
-2.98 0.47
-2.98 0.55
-2.98 0.64
-2.98 0.72
-2.98 0.81
-2.98 0.89
-2.98 0.98
-2.98 1.06
-2.98 1.15
-2.98 1.23
-2.98 1.32
-2.98 1.40
-2.98 1.49
-2.98 1.57
-2.98 1.66
-2.98 1.74
-2.98 1.83
-2.98 1.91
-2.98 2.00
