50
0.01 1.00
0.01 1.08
0.01 1.17
0.01 1.25
0.01 1.33
0.01 1.42
0.01 1.50
0.01 1.58
0.01 1.67
0.01 1.75
0.01 1.83
0.01 1.92
0.01 2.00
0.01 2.00
0.09 2.00
0.18 2.00
0.26 2.00
0.34 2.00
0.43 2.00
0.51 2.00
0.59 2.00
0.68 2.00
0.76 2.00
0.84 2.00
0.93 2.00
1.01 2.00
1.09 2.00
1.18 2.00
1.26 2.00
1.34 2.00
1.43 2.00
1.51 2.00
1.59 2.00
1.68 2.00
1.76 2.00
1.84 2.00
1.93 2.00
2.01 2.00
2.09 2.00
2.18 2.00
2.26 2.00
2.34 2.00
2.43 2.00
2.51 2.00
2.59 2.00
2.68 2.00
2.76 2.00
2.84 2.00
2.93 2.00
3.01 2.00
50
0.01 -1.00
0.01 -1.08
0.01 -1.17
0.01 -1.25
0.01 -1.33
0.01 -1.42
0.01 -1.50
0.01 -1.58
0.01 -1.67
0.01 -1.75
0.01 -1.83
0.01 -1.92
0.01 -2.00
0.01 -2.00
0.09 -2.00
0.18 -2.00
0.26 -2.00
0.34 -2.00
0.43 -2.00
0.51 -2.00
0.59 -2.00
0.68 -2.00
0.76 -2.00
0.84 -2.00
0.93 -2.00
1.01 -2.00
1.09 -2.00
1.18 -2.00
1.26 -2.00
1.34 -2.00
1.43 -2.00
1.51 -2.00
1.59 -2.00
1.68 -2.00
1.76 -2.00
1.84 -2.00
1.93 -2.00
2.01 -2.00
2.09 -2.00
2.18 -2.00
2.26 -2.00
2.34 -2.00
2.43 -2.00
2.51 -2.00
2.59 -2.00
2.68 -2.00
2.76 -2.00
2.84 -2.00
2.93 -2.00
3.01 -2.00
50
0.01 -1.00
0.11 -0.99
0.17 -0.98
0.24 -0.97
0.30 -0.95
0.36 -0.93
0.42 -0.91
0.47 -0.88
0.53 -0.85
0.58 -0.81
0.63 -0.78
0.68 -0.73
0.72 -0.69
0.77 -0.64
0.81 -0.59
0.84 -0.54
0.87 -0.49
0.90 -0.43
0.93 -0.37
0.95 -0.31
0.97 -0.25
0.98 -0.19
0.99 -0.13
1.00 -0.06
1.00 -0.00
1.00 0.06
1.00 0.13
0.99 0.19
0.98 0.25
0.97 0.31
0.95 0.37
0.93 0.43
0.90 0.49
0.87 0.54
0.84 0.59
0.81 0.64
0.77 0.69
0.72 0.73
0.68 0.78
0.63 0.81
0.58 0.85
0.53 0.88
0.47 0.91
0.42 0.93
0.36 0.95
0.30 0.97
0.24 0.98
0.17 0.99
0.11 1.00
0.01 1.00
50
3.01 -2.00
3.01 -1.92
3.01 -1.84
3.01 -1.76
3.01 -1.67
3.01 -1.59
3.01 -1.51
3.01 -1.43
3.01 -1.35
3.01 -1.27
3.01 -1.18
3.01 -1.10
3.01 -1.02
3.01 -0.94
3.01 -0.86
3.01 -0.78
3.01 -0.69
3.01 -0.61
3.01 -0.53
3.01 -0.45
3.01 -0.37
3.01 -0.29
3.01 -0.20
3.01 -0.12
3.01 -0.04
3.01 0.04
3.01 0.12
3.01 0.20
3.01 0.29
3.01 0.37
3.01 0.45
3.01 0.53
3.01 0.61
3.01 0.69
3.01 0.78
3.01 0.86
3.01 0.94
3.01 1.02
3.01 1.10
3.01 1.18
3.01 1.27
3.01 1.35
3.01 1.43
3.01 1.51
3.01 1.59
3.01 1.67
3.01 1.76
3.01 1.84
3.01 1.92
3.01 2.00
