24
-2.96 2.00
-2.83 2.00
-2.70 2.00
-2.57 2.00
-2.44 2.00
-2.31 2.00
-2.18 2.00
-2.05 2.00
-1.92 2.00
-1.79 2.00
-1.66 2.00
-1.53 2.00
-1.39 2.00
-1.26 2.00
-1.13 2.00
-1.00 2.00
-0.87 2.00
-0.74 2.00
-0.61 2.00
-0.48 2.00
-0.35 2.00
-0.22 2.00
-0.09 2.00
0.04 2.00
24
-2.96 -2.00
-2.83 -2.00
-2.70 -2.00
-2.57 -2.00
-2.44 -2.00
-2.31 -2.00
-2.18 -2.00
-2.05 -2.00
-1.92 -2.00
-1.79 -2.00
-1.66 -2.00
-1.53 -2.00
-1.39 -2.00
-1.26 -2.00
-1.13 -2.00
-1.00 -2.00
-0.87 -2.00
-0.74 -2.00
-0.61 -2.00
-0.48 -2.00
-0.35 -2.00
-0.22 -2.00
-0.09 -2.00
0.04 -2.00
24
-2.96 -2.00
-2.96 -1.83
-2.96 -1.65
-2.96 -1.48
-2.96 -1.30
-2.96 -1.13
-2.96 -0.96
-2.96 -0.78
-2.96 -0.61
-2.96 -0.43
-2.96 -0.26
-2.96 -0.09
-2.96 0.09
-2.96 0.26
-2.96 0.43
-2.96 0.61
-2.96 0.78
-2.96 0.96
-2.96 1.13
-2.96 1.30
-2.96 1.48
-2.96 1.65
-2.96 1.83
-2.96 2.00
24
0.04 -2.00
0.04 -1.83
0.04 -1.67
0.04 -1.50
0.04 -1.33
0.04 -1.17
0.04 -1.00
-0.26 -0.97
-0.50 -0.87
-0.71 -0.71
-0.87 -0.50
-0.97 -0.26
-1.00 0.00
-0.97 0.26
-0.87 0.50
-0.71 0.71
-0.50 0.87
-0.26 0.97
0.04 1.00
0.04 1.20
0.04 1.40
0.04 1.60
0.04 1.80
0.04 2.00
