48
0.02 2.00
0.08 2.00
0.15 2.00
0.21 2.00
0.28 2.00
0.34 2.00
0.40 2.00
0.47 2.00
0.53 2.00
0.59 2.00
0.66 2.00
0.72 2.00
0.79 2.00
0.85 2.00
0.91 2.00
0.98 2.00
1.04 2.00
1.11 2.00
1.17 2.00
1.23 2.00
1.30 2.00
1.36 2.00
1.42 2.00
1.49 2.00
1.55 2.00
1.62 2.00
1.68 2.00
1.74 2.00
1.81 2.00
1.87 2.00
1.93 2.00
2.00 2.00
2.06 2.00
2.13 2.00
2.19 2.00
2.25 2.00
2.32 2.00
2.38 2.00
2.45 2.00
2.51 2.00
2.57 2.00
2.64 2.00
2.70 2.00
2.76 2.00
2.83 2.00
2.89 2.00
2.96 2.00
3.02 2.00
48
0.02 -2.00
0.08 -2.00
0.15 -2.00
0.21 -2.00
0.28 -2.00
0.34 -2.00
0.40 -2.00
0.47 -2.00
0.53 -2.00
0.59 -2.00
0.66 -2.00
0.72 -2.00
0.79 -2.00
0.85 -2.00
0.91 -2.00
0.98 -2.00
1.04 -2.00
1.11 -2.00
1.17 -2.00
1.23 -2.00
1.30 -2.00
1.36 -2.00
1.42 -2.00
1.49 -2.00
1.55 -2.00
1.62 -2.00
1.68 -2.00
1.74 -2.00
1.81 -2.00
1.87 -2.00
1.93 -2.00
2.00 -2.00
2.06 -2.00
2.13 -2.00
2.19 -2.00
2.25 -2.00
2.32 -2.00
2.38 -2.00
2.45 -2.00
2.51 -2.00
2.57 -2.00
2.64 -2.00
2.70 -2.00
2.76 -2.00
2.83 -2.00
2.89 -2.00
2.96 -2.00
3.02 -2.00
48
0.02 -2.00
0.02 -1.92
0.02 -1.83
0.02 -1.75
0.02 -1.67
0.02 -1.58
0.02 -1.50
0.02 -1.42
0.02 -1.33
0.02 -1.25
0.02 -1.17
0.02 -1.08
0.02 -1.00
0.16 -0.99
0.28 -0.96
0.40 -0.91
0.52 -0.86
0.62 -0.78
0.72 -0.70
0.80 -0.60
0.87 -0.49
0.93 -0.38
0.97 -0.25
0.99 -0.13
1.00 0.00
0.99 0.13
0.97 0.25
0.93 0.38
0.87 0.49
0.80 0.60
0.72 0.70
0.62 0.78
0.52 0.86
0.40 0.91
0.28 0.96
0.16 0.99
0.02 1.00
0.02 1.09
0.02 1.18
0.02 1.27
0.02 1.36
0.02 1.45
0.02 1.55
0.02 1.64
0.02 1.73
0.02 1.82
0.02 1.91
0.02 2.00
48
3.02 -2.00
3.02 -1.91
3.02 -1.83
3.02 -1.74
3.02 -1.66
3.02 -1.57
3.02 -1.49
3.02 -1.40
3.02 -1.32
3.02 -1.23
3.02 -1.15
3.02 -1.06
3.02 -0.98
3.02 -0.89
3.02 -0.81
3.02 -0.72
3.02 -0.64
3.02 -0.55
3.02 -0.47
3.02 -0.38
3.02 -0.30
3.02 -0.21
3.02 -0.13
3.02 -0.04
3.02 0.04
3.02 0.13
3.02 0.21
3.02 0.30
3.02 0.38
3.02 0.47
3.02 0.55
3.02 0.64
3.02 0.72
3.02 0.81
3.02 0.89
3.02 0.98
3.02 1.06
3.02 1.15
3.02 1.23
3.02 1.32
3.02 1.40
3.02 1.49
3.02 1.57
3.02 1.66
3.02 1.74
3.02 1.83
3.02 1.91
3.02 2.00
