24
0.04 2.00
0.17 2.00
0.30 2.00
0.43 2.00
0.56 2.00
0.69 2.00
0.82 2.00
0.95 2.00
1.08 2.00
1.21 2.00
1.34 2.00
1.47 2.00
1.61 2.00
1.74 2.00
1.87 2.00
2.00 2.00
2.13 2.00
2.26 2.00
2.39 2.00
2.52 2.00
2.65 2.00
2.78 2.00
2.91 2.00
3.04 2.00
24
0.04 -2.00
0.17 -2.00
0.30 -2.00
0.43 -2.00
0.56 -2.00
0.69 -2.00
0.82 -2.00
0.95 -2.00
1.08 -2.00
1.21 -2.00
1.34 -2.00
1.47 -2.00
1.61 -2.00
1.74 -2.00
1.87 -2.00
2.00 -2.00
2.13 -2.00
2.26 -2.00
2.39 -2.00
2.52 -2.00
2.65 -2.00
2.78 -2.00
2.91 -2.00
3.04 -2.00
24
0.04 -2.00
0.04 -1.83
0.04 -1.67
0.04 -1.50
0.04 -1.33
0.04 -1.17
0.04 -1.00
0.50 -0.87
0.71 -0.71
0.87 -0.50
0.97 -0.26
1.00 -0.00
1.00 0.00
0.97 0.26
0.87 0.50
0.71 0.71
0.50 0.87
0.26 0.97
0.04 1.00
0.04 1.20
0.04 1.40
0.04 1.60
0.04 1.80
0.04 2.00
24
3.04 -2.00
3.04 -1.83
3.04 -1.65
3.04 -1.48
3.04 -1.30
3.04 -1.13
3.04 -0.96
3.04 -0.78
3.04 -0.61
3.04 -0.43
3.04 -0.26
3.04 -0.09
3.04 0.09
3.04 0.26
3.04 0.43
3.04 0.61
3.04 0.78
3.04 0.96
3.04 1.13
3.04 1.30
3.04 1.48
3.04 1.65
3.04 1.83
3.04 2.00
