24
-2.98 2.00
-2.79 2.00
-2.60 2.00
-2.42 2.00
-2.23 2.00
-2.04 2.00
-1.85 2.00
-1.67 2.00
-1.48 2.00
-1.29 2.00
-1.10 2.00
-0.92 2.00
-0.73 2.00
-0.54 2.00
-0.35 2.00
-0.17 2.00
0.02 2.00
0.02 2.00
0.02 1.83
0.02 1.67
0.02 1.50
0.02 1.33
0.02 1.17
0.02 1.00
24
-2.98 -2.00
-2.79 -2.00
-2.60 -2.00
-2.42 -2.00
-2.23 -2.00
-2.04 -2.00
-1.85 -2.00
-1.67 -2.00
-1.48 -2.00
-1.29 -2.00
-1.10 -2.00
-0.92 -2.00
-0.73 -2.00
-0.54 -2.00
-0.35 -2.00
-0.17 -2.00
0.02 -2.00
0.02 -2.00
0.02 -1.83
0.02 -1.67
0.02 -1.50
0.02 -1.33
0.02 -1.17
0.02 -1.00
24
-2.98 -2.00
-2.98 -1.83
-2.98 -1.65
-2.98 -1.48
-2.98 -1.30
-2.98 -1.13
-2.98 -0.96
-2.98 -0.78
-2.98 -0.61
-2.98 -0.43
-2.98 -0.26
-2.98 -0.09
-2.98 0.09
-2.98 0.26
-2.98 0.43
-2.98 0.61
-2.98 0.78
-2.98 0.96
-2.98 1.13
-2.98 1.30
-2.98 1.48
-2.98 1.65
-2.98 1.83
-2.98 2.00
24
0.02 -1.00
-0.35 -0.94
-0.46 -0.89
-0.57 -0.82
-0.67 -0.74
-0.76 -0.65
-0.84 -0.55
-0.90 -0.43
-0.95 -0.32
-0.98 -0.19
-1.00 -0.06
-1.00 0.06
-0.98 0.19
-0.95 0.32
-0.90 0.43
-0.84 0.55
-0.76 0.65
-0.67 0.74
-0.57 0.82
-0.46 0.89
-0.35 0.94
-0.22 0.97
-0.10 1.00
0.02 1.00
