50
3.01 2.00
3.07 2.00
3.13 2.00
3.19 2.00
3.25 2.00
3.32 2.00
3.38 2.00
3.44 2.00
3.50 2.00
3.56 2.00
3.62 2.00
3.68 2.00
3.74 2.00
3.80 2.00
3.86 2.00
3.93 2.00
3.99 2.00
4.05 2.00
4.11 2.00
4.17 2.00
4.23 2.00
4.29 2.00
4.35 2.00
4.41 2.00
4.47 2.00
4.54 2.00
4.60 2.00
4.66 2.00
4.72 2.00
4.78 2.00
4.84 2.00
4.90 2.00
4.96 2.00
5.02 2.00
5.09 2.00
5.15 2.00
5.21 2.00
5.27 2.00
5.33 2.00
5.39 2.00
5.45 2.00
5.51 2.00
5.57 2.00
5.63 2.00
5.70 2.00
5.76 2.00
5.82 2.00
5.88 2.00
5.94 2.00
6.00 2.00
50
3.01 -2.00
3.07 -2.00
3.13 -2.00
3.19 -2.00
3.25 -2.00
3.32 -2.00
3.38 -2.00
3.44 -2.00
3.50 -2.00
3.56 -2.00
3.62 -2.00
3.68 -2.00
3.74 -2.00
3.80 -2.00
3.86 -2.00
3.93 -2.00
3.99 -2.00
4.05 -2.00
4.11 -2.00
4.17 -2.00
4.23 -2.00
4.29 -2.00
4.35 -2.00
4.41 -2.00
4.47 -2.00
4.54 -2.00
4.60 -2.00
4.66 -2.00
4.72 -2.00
4.78 -2.00
4.84 -2.00
4.90 -2.00
4.96 -2.00
5.02 -2.00
5.09 -2.00
5.15 -2.00
5.21 -2.00
5.27 -2.00
5.33 -2.00
5.39 -2.00
5.45 -2.00
5.51 -2.00
5.57 -2.00
5.63 -2.00
5.70 -2.00
5.76 -2.00
5.82 -2.00
5.88 -2.00
5.94 -2.00
6.00 -2.00
50
3.01 -2.00
3.01 -1.92
3.01 -1.84
3.01 -1.76
3.01 -1.67
3.01 -1.59
3.01 -1.51
3.01 -1.43
3.01 -1.35
3.01 -1.27
3.01 -1.18
3.01 -1.10
3.01 -1.02
3.01 -0.94
3.01 -0.86
3.01 -0.78
3.01 -0.69
3.01 -0.61
3.01 -0.53
3.01 -0.45
3.01 -0.37
3.01 -0.29
3.01 -0.20
3.01 -0.12
3.01 -0.04
3.01 0.04
3.01 0.12
3.01 0.20
3.01 0.29
3.01 0.37
3.01 0.45
3.01 0.53
3.01 0.61
3.01 0.69
3.01 0.78
3.01 0.86
3.01 0.94
3.01 1.02
3.01 1.10
3.01 1.18
3.01 1.27
3.01 1.35
3.01 1.43
3.01 1.51
3.01 1.59
3.01 1.67
3.01 1.76
3.01 1.84
3.01 1.92
3.01 2.00
50
6.00 -2.00
6.00 -1.92
6.00 -1.84
6.00 -1.76
6.00 -1.67
6.00 -1.59
6.00 -1.51
6.00 -1.43
6.00 -1.35
6.00 -1.27
6.00 -1.18
6.00 -1.10
6.00 -1.02
6.00 -0.94
6.00 -0.86
6.00 -0.78
6.00 -0.69
6.00 -0.61
6.00 -0.53
6.00 -0.45
6.00 -0.37
6.00 -0.29
6.00 -0.20
6.00 -0.12
6.00 -0.04
6.00 0.04
6.00 0.12
6.00 0.20
6.00 0.29
6.00 0.37
6.00 0.45
6.00 0.53
6.00 0.61
6.00 0.69
6.00 0.78
6.00 0.86
6.00 0.94
6.00 1.02
6.00 1.10
6.00 1.18
6.00 1.27
6.00 1.35
6.00 1.43
6.00 1.51
6.00 1.59
6.00 1.67
6.00 1.76
6.00 1.84
6.00 1.92
6.00 2.00
