24
3.04 2.00
3.17 2.00
3.30 2.00
3.43 2.00
3.55 2.00
3.68 2.00
3.81 2.00
3.94 2.00
4.07 2.00
4.20 2.00
4.33 2.00
4.46 2.00
4.58 2.00
4.71 2.00
4.84 2.00
4.97 2.00
5.10 2.00
5.23 2.00
5.36 2.00
5.49 2.00
5.61 2.00
5.74 2.00
5.87 2.00
6.00 2.00
24
3.04 -2.00
3.17 -2.00
3.30 -2.00
3.43 -2.00
3.55 -2.00
3.68 -2.00
3.81 -2.00
3.94 -2.00
4.07 -2.00
4.20 -2.00
4.33 -2.00
4.46 -2.00
4.58 -2.00
4.71 -2.00
4.84 -2.00
4.97 -2.00
5.10 -2.00
5.23 -2.00
5.36 -2.00
5.49 -2.00
5.61 -2.00
5.74 -2.00
5.87 -2.00
6.00 -2.00
24
3.04 -2.00
3.04 -1.83
3.04 -1.65
3.04 -1.48
3.04 -1.30
3.04 -1.13
3.04 -0.96
3.04 -0.78
3.04 -0.61
3.04 -0.43
3.04 -0.26
3.04 -0.09
3.04 0.09
3.04 0.26
3.04 0.43
3.04 0.61
3.04 0.78
3.04 0.96
3.04 1.13
3.04 1.30
3.04 1.48
3.04 1.65
3.04 1.83
3.04 2.00
24
6.00 -2.00
6.00 -1.83
6.00 -1.65
6.00 -1.48
6.00 -1.30
6.00 -1.13
6.00 -0.96
6.00 -0.78
6.00 -0.61
6.00 -0.43
6.00 -0.26
6.00 -0.09
6.00 0.09
6.00 0.26
6.00 0.43
6.00 0.61
6.00 0.78
6.00 0.96
6.00 1.13
6.00 1.30
6.00 1.48
6.00 1.65
6.00 1.83
6.00 2.00
