24
-4.00 2.00
-3.95 2.00
-3.91 2.00
-3.86 2.00
-3.82 2.00
-3.77 2.00
-3.73 2.00
-3.68 2.00
-3.64 2.00
-3.59 2.00
-3.55 2.00
-3.50 2.00
-3.46 2.00
-3.41 2.00
-3.37 2.00
-3.32 2.00
-3.28 2.00
-3.23 2.00
-3.19 2.00
-3.14 2.00
-3.10 2.00
-3.05 2.00
-3.01 2.00
-2.96 2.00
24
-4.00 -2.00
-3.95 -2.00
-3.91 -2.00
-3.86 -2.00
-3.82 -2.00
-3.77 -2.00
-3.73 -2.00
-3.68 -2.00
-3.64 -2.00
-3.59 -2.00
-3.55 -2.00
-3.50 -2.00
-3.46 -2.00
-3.41 -2.00
-3.37 -2.00
-3.32 -2.00
-3.28 -2.00
-3.23 -2.00
-3.19 -2.00
-3.14 -2.00
-3.10 -2.00
-3.05 -2.00
-3.01 -2.00
-2.96 -2.00
24
-4.00 -2.00
-4.00 -1.83
-4.00 -1.65
-4.00 -1.48
-4.00 -1.30
-4.00 -1.13
-4.00 -0.96
-4.00 -0.78
-4.00 -0.61
-4.00 -0.43
-4.00 -0.26
-4.00 -0.09
-4.00 0.09
-4.00 0.26
-4.00 0.43
-4.00 0.61
-4.00 0.78
-4.00 0.96
-4.00 1.13
-4.00 1.30
-4.00 1.48
-4.00 1.65
-4.00 1.83
-4.00 2.00
24
-2.96 -2.00
-2.96 -1.83
-2.96 -1.65
-2.96 -1.48
-2.96 -1.30
-2.96 -1.13
-2.96 -0.96
-2.96 -0.78
-2.96 -0.61
-2.96 -0.43
-2.96 -0.26
-2.96 -0.09
-2.96 0.09
-2.96 0.26
-2.96 0.43
-2.96 0.61
-2.96 0.78
-2.96 0.96
-2.96 1.13
-2.96 1.30
-2.96 1.48
-2.96 1.65
-2.96 1.83
-2.96 2.00
