50
-2.99 2.00
-2.91 2.00
-2.82 2.00
-2.74 2.00
-2.66 2.00
-2.57 2.00
-2.49 2.00
-2.41 2.00
-2.32 2.00
-2.24 2.00
-2.16 2.00
-2.07 2.00
-1.99 2.00
-1.91 2.00
-1.82 2.00
-1.74 2.00
-1.66 2.00
-1.57 2.00
-1.49 2.00
-1.41 2.00
-1.32 2.00
-1.24 2.00
-1.16 2.00
-1.07 2.00
-0.99 2.00
-0.91 2.00
-0.82 2.00
-0.74 2.00
-0.66 2.00
-0.57 2.00
-0.49 2.00
-0.41 2.00
-0.32 2.00
-0.24 2.00
-0.16 2.00
-0.07 2.00
0.01 2.00
0.01 2.00
0.01 1.92
0.01 1.83
0.01 1.75
0.01 1.67
0.01 1.58
0.01 1.50
0.01 1.42
0.01 1.33
0.01 1.25
0.01 1.17
0.01 1.08
0.01 1.00
50
-2.99 -2.00
-2.91 -2.00
-2.82 -2.00
-2.74 -2.00
-2.66 -2.00
-2.57 -2.00
-2.49 -2.00
-2.41 -2.00
-2.32 -2.00
-2.24 -2.00
-2.16 -2.00
-2.07 -2.00
-1.99 -2.00
-1.91 -2.00
-1.82 -2.00
-1.74 -2.00
-1.66 -2.00
-1.57 -2.00
-1.49 -2.00
-1.41 -2.00
-1.32 -2.00
-1.24 -2.00
-1.16 -2.00
-1.07 -2.00
-0.99 -2.00
-0.91 -2.00
-0.82 -2.00
-0.74 -2.00
-0.66 -2.00
-0.57 -2.00
-0.49 -2.00
-0.41 -2.00
-0.32 -2.00
-0.24 -2.00
-0.16 -2.00
-0.07 -2.00
0.01 -2.00
0.01 -2.00
0.01 -1.92
0.01 -1.83
0.01 -1.75
0.01 -1.67
0.01 -1.58
0.01 -1.50
0.01 -1.42
0.01 -1.33
0.01 -1.25
0.01 -1.17
0.01 -1.08
0.01 -1.00
50
-2.99 -2.00
-2.99 -1.92
-2.99 -1.84
-2.99 -1.76
-2.99 -1.67
-2.99 -1.59
-2.99 -1.51
-2.99 -1.43
-2.99 -1.35
-2.99 -1.27
-2.99 -1.18
-2.99 -1.10
-2.99 -1.02
-2.99 -0.94
-2.99 -0.86
-2.99 -0.78
-2.99 -0.69
-2.99 -0.61
-2.99 -0.53
-2.99 -0.45
-2.99 -0.37
-2.99 -0.29
-2.99 -0.20
-2.99 -0.12
-2.99 -0.04
-2.99 0.04
-2.99 0.12
-2.99 0.20
-2.99 0.29
-2.99 0.37
-2.99 0.45
-2.99 0.53
-2.99 0.61
-2.99 0.69
-2.99 0.78
-2.99 0.86
-2.99 0.94
-2.99 1.02
-2.99 1.10
-2.99 1.18
-2.99 1.27
-2.99 1.35
-2.99 1.43
-2.99 1.51
-2.99 1.59
-2.99 1.67
-2.99 1.76
-2.99 1.84
-2.99 1.92
-2.99 2.00
50
0.01 -1.00
-0.08 -1.00
-0.14 -0.99
-0.20 -0.98
-0.27 -0.96
-0.33 -0.95
-0.39 -0.92
-0.44 -0.90
-0.50 -0.87
-0.55 -0.83
-0.61 -0.80
-0.65 -0.76
-0.70 -0.71
-0.75 -0.67
-0.79 -0.62
-0.82 -0.57
-0.86 -0.51
-0.89 -0.46
-0.92 -0.40
-0.94 -0.34
-0.96 -0.28
-0.98 -0.22
-0.99 -0.16
-1.00 -0.10
-1.00 -0.03
-1.00 0.03
-1.00 0.10
-0.99 0.16
-0.98 0.22
-0.96 0.28
-0.94 0.34
-0.92 0.40
-0.89 0.46
-0.86 0.51
-0.82 0.57
-0.79 0.62
-0.75 0.67
-0.70 0.71
-0.65 0.76
-0.61 0.80
-0.55 0.83
-0.50 0.87
-0.44 0.90
-0.39 0.92
-0.33 0.95
-0.27 0.96
-0.20 0.98
-0.14 0.99
-0.08 1.00
0.01 1.00
