50
-4.00 2.00
-3.98 2.00
-3.96 2.00
-3.94 2.00
-3.92 2.00
-3.90 2.00
-3.88 2.00
-3.86 2.00
-3.83 2.00
-3.81 2.00
-3.79 2.00
-3.77 2.00
-3.75 2.00
-3.73 2.00
-3.71 2.00
-3.69 2.00
-3.67 2.00
-3.65 2.00
-3.63 2.00
-3.61 2.00
-3.59 2.00
-3.57 2.00
-3.55 2.00
-3.53 2.00
-3.51 2.00
-3.48 2.00
-3.46 2.00
-3.44 2.00
-3.42 2.00
-3.40 2.00
-3.38 2.00
-3.36 2.00
-3.34 2.00
-3.32 2.00
-3.30 2.00
-3.28 2.00
-3.26 2.00
-3.24 2.00
-3.22 2.00
-3.20 2.00
-3.18 2.00
-3.15 2.00
-3.13 2.00
-3.11 2.00
-3.09 2.00
-3.07 2.00
-3.05 2.00
-3.03 2.00
-3.01 2.00
-2.99 2.00
50
-4.00 -2.00
-3.98 -2.00
-3.96 -2.00
-3.94 -2.00
-3.92 -2.00
-3.90 -2.00
-3.88 -2.00
-3.86 -2.00
-3.83 -2.00
-3.81 -2.00
-3.79 -2.00
-3.77 -2.00
-3.75 -2.00
-3.73 -2.00
-3.71 -2.00
-3.69 -2.00
-3.67 -2.00
-3.65 -2.00
-3.63 -2.00
-3.61 -2.00
-3.59 -2.00
-3.57 -2.00
-3.55 -2.00
-3.53 -2.00
-3.51 -2.00
-3.48 -2.00
-3.46 -2.00
-3.44 -2.00
-3.42 -2.00
-3.40 -2.00
-3.38 -2.00
-3.36 -2.00
-3.34 -2.00
-3.32 -2.00
-3.30 -2.00
-3.28 -2.00
-3.26 -2.00
-3.24 -2.00
-3.22 -2.00
-3.20 -2.00
-3.18 -2.00
-3.15 -2.00
-3.13 -2.00
-3.11 -2.00
-3.09 -2.00
-3.07 -2.00
-3.05 -2.00
-3.03 -2.00
-3.01 -2.00
-2.99 -2.00
50
-4.00 -2.00
-4.00 -1.92
-4.00 -1.84
-4.00 -1.76
-4.00 -1.67
-4.00 -1.59
-4.00 -1.51
-4.00 -1.43
-4.00 -1.35
-4.00 -1.27
-4.00 -1.18
-4.00 -1.10
-4.00 -1.02
-4.00 -0.94
-4.00 -0.86
-4.00 -0.78
-4.00 -0.69
-4.00 -0.61
-4.00 -0.53
-4.00 -0.45
-4.00 -0.37
-4.00 -0.29
-4.00 -0.20
-4.00 -0.12
-4.00 -0.04
-4.00 0.04
-4.00 0.12
-4.00 0.20
-4.00 0.29
-4.00 0.37
-4.00 0.45
-4.00 0.53
-4.00 0.61
-4.00 0.69
-4.00 0.78
-4.00 0.86
-4.00 0.94
-4.00 1.02
-4.00 1.10
-4.00 1.18
-4.00 1.27
-4.00 1.35
-4.00 1.43
-4.00 1.51
-4.00 1.59
-4.00 1.67
-4.00 1.76
-4.00 1.84
-4.00 1.92
-4.00 2.00
50
-2.99 -2.00
-2.99 -1.92
-2.99 -1.84
-2.99 -1.76
-2.99 -1.67
-2.99 -1.59
-2.99 -1.51
-2.99 -1.43
-2.99 -1.35
-2.99 -1.27
-2.99 -1.18
-2.99 -1.10
-2.99 -1.02
-2.99 -0.94
-2.99 -0.86
-2.99 -0.78
-2.99 -0.69
-2.99 -0.61
-2.99 -0.53
-2.99 -0.45
-2.99 -0.37
-2.99 -0.29
-2.99 -0.20
-2.99 -0.12
-2.99 -0.04
-2.99 0.04
-2.99 0.12
-2.99 0.20
-2.99 0.29
-2.99 0.37
-2.99 0.45
-2.99 0.53
-2.99 0.61
-2.99 0.69
-2.99 0.78
-2.99 0.86
-2.99 0.94
-2.99 1.02
-2.99 1.10
-2.99 1.18
-2.99 1.27
-2.99 1.35
-2.99 1.43
-2.99 1.51
-2.99 1.59
-2.99 1.67
-2.99 1.76
-2.99 1.84
-2.99 1.92
-2.99 2.00
