24
-4.00 2.00
-3.95 2.00
-3.91 2.00
-3.87 2.00
-3.82 2.00
-3.78 2.00
-3.73 2.00
-3.69 2.00
-3.64 2.00
-3.60 2.00
-3.56 2.00
-3.51 2.00
-3.47 2.00
-3.42 2.00
-3.38 2.00
-3.33 2.00
-3.29 2.00
-3.25 2.00
-3.20 2.00
-3.16 2.00
-3.11 2.00
-3.07 2.00
-3.02 2.00
-2.98 2.00
24
-4.00 -2.00
-3.95 -2.00
-3.91 -2.00
-3.87 -2.00
-3.82 -2.00
-3.78 -2.00
-3.73 -2.00
-3.69 -2.00
-3.64 -2.00
-3.60 -2.00
-3.56 -2.00
-3.51 -2.00
-3.47 -2.00
-3.42 -2.00
-3.38 -2.00
-3.33 -2.00
-3.29 -2.00
-3.25 -2.00
-3.20 -2.00
-3.16 -2.00
-3.11 -2.00
-3.07 -2.00
-3.02 -2.00
-2.98 -2.00
24
-4.00 -2.00
-4.00 -1.83
-4.00 -1.65
-4.00 -1.48
-4.00 -1.30
-4.00 -1.13
-4.00 -0.96
-4.00 -0.78
-4.00 -0.61
-4.00 -0.43
-4.00 -0.26
-4.00 -0.09
-4.00 0.09
-4.00 0.26
-4.00 0.43
-4.00 0.61
-4.00 0.78
-4.00 0.96
-4.00 1.13
-4.00 1.30
-4.00 1.48
-4.00 1.65
-4.00 1.83
-4.00 2.00
24
-2.98 -2.00
-2.98 -1.83
-2.98 -1.65
-2.98 -1.48
-2.98 -1.30
-2.98 -1.13
-2.98 -0.96
-2.98 -0.78
-2.98 -0.61
-2.98 -0.43
-2.98 -0.26
-2.98 -0.09
-2.98 0.09
-2.98 0.26
-2.98 0.43
-2.98 0.61
-2.98 0.78
-2.98 0.96
-2.98 1.13
-2.98 1.30
-2.98 1.48
-2.98 1.65
-2.98 1.83
-2.98 2.00
