24
3.02 2.00
3.15 2.00
3.28 2.00
3.41 2.00
3.54 2.00
3.67 2.00
3.80 2.00
3.93 2.00
4.06 2.00
4.19 2.00
4.32 2.00
4.45 2.00
4.58 2.00
4.71 2.00
4.84 2.00
4.96 2.00
5.09 2.00
5.22 2.00
5.35 2.00
5.48 2.00
5.61 2.00
5.74 2.00
5.87 2.00
6.00 2.00
24
3.02 -2.00
3.15 -2.00
3.28 -2.00
3.41 -2.00
3.54 -2.00
3.67 -2.00
3.80 -2.00
3.93 -2.00
4.06 -2.00
4.19 -2.00
4.32 -2.00
4.45 -2.00
4.58 -2.00
4.71 -2.00
4.84 -2.00
4.96 -2.00
5.09 -2.00
5.22 -2.00
5.35 -2.00
5.48 -2.00
5.61 -2.00
5.74 -2.00
5.87 -2.00
6.00 -2.00
24
3.02 -2.00
3.02 -1.83
3.02 -1.65
3.02 -1.48
3.02 -1.30
3.02 -1.13
3.02 -0.96
3.02 -0.78
3.02 -0.61
3.02 -0.43
3.02 -0.26
3.02 -0.09
3.02 0.09
3.02 0.26
3.02 0.43
3.02 0.61
3.02 0.78
3.02 0.96
3.02 1.13
3.02 1.30
3.02 1.48
3.02 1.65
3.02 1.83
3.02 2.00
24
6.00 -2.00
6.00 -1.83
6.00 -1.65
6.00 -1.48
6.00 -1.30
6.00 -1.13
6.00 -0.96
6.00 -0.78
6.00 -0.61
6.00 -0.43
6.00 -0.26
6.00 -0.09
6.00 0.09
6.00 0.26
6.00 0.43
6.00 0.61
6.00 0.78
6.00 0.96
6.00 1.13
6.00 1.30
6.00 1.48
6.00 1.65
6.00 1.83
6.00 2.00
