56
0.37 1.50
0.38 1.50
0.40 1.50
0.42 1.50
0.44 1.50
0.46 1.50
0.48 1.50
0.49 1.50
0.51 1.50
0.53 1.50
0.55 1.50
0.57 1.50
0.58 1.50
0.60 1.50
0.62 1.50
0.64 1.50
0.66 1.50
0.68 1.50
0.69 1.50
0.71 1.50
0.73 1.50
0.75 1.50
0.77 1.50
0.78 1.50
0.80 1.50
0.82 1.50
0.84 1.50
0.86 1.50
0.88 1.50
0.89 1.50
0.91 1.50
0.93 1.50
0.95 1.50
0.97 1.50
0.98 1.50
1.00 1.50
1.02 1.50
1.04 1.50
1.06 1.50
1.08 1.50
1.09 1.50
1.11 1.50
1.13 1.50
1.15 1.50
1.17 1.50
1.18 1.50
1.20 1.50
1.22 1.50
1.24 1.50
1.26 1.50
1.28 1.50
1.29 1.50
1.31 1.50
1.33 1.50
1.35 1.50
1.37 1.50
56
0.37 -1.50
0.38 -1.50
0.40 -1.50
0.42 -1.50
0.44 -1.50
0.46 -1.50
0.48 -1.50
0.49 -1.50
0.51 -1.50
0.53 -1.50
0.55 -1.50
0.57 -1.50
0.58 -1.50
0.60 -1.50
0.62 -1.50
0.64 -1.50
0.66 -1.50
0.68 -1.50
0.69 -1.50
0.71 -1.50
0.73 -1.50
0.75 -1.50
0.77 -1.50
0.78 -1.50
0.80 -1.50
0.82 -1.50
0.84 -1.50
0.86 -1.50
0.88 -1.50
0.89 -1.50
0.91 -1.50
0.93 -1.50
0.95 -1.50
0.97 -1.50
0.98 -1.50
1.00 -1.50
1.02 -1.50
1.04 -1.50
1.06 -1.50
1.08 -1.50
1.09 -1.50
1.11 -1.50
1.13 -1.50
1.15 -1.50
1.17 -1.50
1.18 -1.50
1.20 -1.50
1.22 -1.50
1.24 -1.50
1.26 -1.50
1.28 -1.50
1.29 -1.50
1.31 -1.50
1.33 -1.50
1.35 -1.50
1.37 -1.50
56
0.37 -1.50
0.37 -1.40
0.37 -1.29
0.37 -1.19
0.37 -1.09
0.37 -0.99
0.37 -0.88
0.37 -0.78
0.37 -0.68
0.37 -0.57
0.37 -0.47
0.37 -0.37
0.37 -0.27
0.37 -0.16
0.37 -0.06
0.20 -0.06
0.23 -0.06
0.25 -0.06
0.28 -0.06
0.30 -0.06
0.35 -0.06
0.40 -0.06
0.45 -0.06
0.50 -0.05
0.55 -0.05
0.60 -0.05
0.65 -0.04
0.70 -0.04
1.00 0.00
0.95 0.01
0.90 0.01
0.85 0.02
0.80 0.03
0.75 0.03
0.70 0.04
0.65 0.04
0.60 0.05
0.55 0.05
0.50 0.05
0.45 0.06
0.40 0.06
0.35 0.06
0.37 0.06
0.37 0.17
0.37 0.28
0.37 0.39
0.37 0.50
0.37 0.61
0.37 0.73
0.37 0.84
0.37 0.95
0.37 1.06
0.37 1.17
0.37 1.28
0.37 1.39
0.37 1.50
56
1.37 -1.50
1.37 -1.45
1.37 -1.39
1.37 -1.34
1.37 -1.28
1.37 -1.23
1.37 -1.17
1.37 -1.12
1.37 -1.06
1.37 -1.01
1.37 -0.95
1.37 -0.90
1.37 -0.85
1.37 -0.79
1.37 -0.74
1.37 -0.68
1.37 -0.63
1.37 -0.57
1.37 -0.52
1.37 -0.46
1.37 -0.41
1.37 -0.35
1.37 -0.30
1.37 -0.25
1.37 -0.19
1.37 -0.14
1.37 -0.08
1.37 -0.03
1.37 0.03
1.37 0.08
1.37 0.14
1.37 0.19
1.37 0.25
1.37 0.30
1.37 0.35
1.37 0.41
1.37 0.46
1.37 0.52
1.37 0.57
1.37 0.63
1.37 0.68
1.37 0.74
1.37 0.79
1.37 0.85
1.37 0.90
1.37 0.95
1.37 1.01
1.37 1.06
1.37 1.12
1.37 1.17
1.37 1.23
1.37 1.28
1.37 1.34
1.37 1.39
1.37 1.45
1.37 1.50
