56
1.37 1.50
1.40 1.50
1.43 1.50
1.46 1.50
1.49 1.50
1.51 1.50
1.54 1.50
1.57 1.50
1.60 1.50
1.63 1.50
1.66 1.50
1.69 1.50
1.72 1.50
1.75 1.50
1.78 1.50
1.81 1.50
1.84 1.50
1.87 1.50
1.90 1.50
1.93 1.50
1.96 1.50
1.99 1.50
2.02 1.50
2.05 1.50
2.08 1.50
2.11 1.50
2.14 1.50
2.17 1.50
2.20 1.50
2.23 1.50
2.26 1.50
2.29 1.50
2.32 1.50
2.35 1.50
2.38 1.50
2.41 1.50
2.44 1.50
2.47 1.50
2.50 1.50
2.52 1.50
2.55 1.50
2.58 1.50
2.61 1.50
2.64 1.50
2.67 1.50
2.70 1.50
2.73 1.50
2.76 1.50
2.79 1.50
2.82 1.50
2.85 1.50
2.88 1.50
2.91 1.50
2.94 1.50
2.97 1.50
3.00 1.50
56
1.37 -1.50
1.40 -1.50
1.43 -1.50
1.46 -1.50
1.49 -1.50
1.51 -1.50
1.54 -1.50
1.57 -1.50
1.60 -1.50
1.63 -1.50
1.66 -1.50
1.69 -1.50
1.72 -1.50
1.75 -1.50
1.78 -1.50
1.81 -1.50
1.84 -1.50
1.87 -1.50
1.90 -1.50
1.93 -1.50
1.96 -1.50
1.99 -1.50
2.02 -1.50
2.05 -1.50
2.08 -1.50
2.11 -1.50
2.14 -1.50
2.17 -1.50
2.20 -1.50
2.23 -1.50
2.26 -1.50
2.29 -1.50
2.32 -1.50
2.35 -1.50
2.38 -1.50
2.41 -1.50
2.44 -1.50
2.47 -1.50
2.50 -1.50
2.52 -1.50
2.55 -1.50
2.58 -1.50
2.61 -1.50
2.64 -1.50
2.67 -1.50
2.70 -1.50
2.73 -1.50
2.76 -1.50
2.79 -1.50
2.82 -1.50
2.85 -1.50
2.88 -1.50
2.91 -1.50
2.94 -1.50
2.97 -1.50
3.00 -1.50
56
1.37 -1.50
1.37 -1.45
1.37 -1.39
1.37 -1.34
1.37 -1.28
1.37 -1.23
1.37 -1.17
1.37 -1.12
1.37 -1.06
1.37 -1.01
1.37 -0.95
1.37 -0.90
1.37 -0.85
1.37 -0.79
1.37 -0.74
1.37 -0.68
1.37 -0.63
1.37 -0.57
1.37 -0.52
1.37 -0.46
1.37 -0.41
1.37 -0.35
1.37 -0.30
1.37 -0.25
1.37 -0.19
1.37 -0.14
1.37 -0.08
1.37 -0.03
1.37 0.03
1.37 0.08
1.37 0.14
1.37 0.19
1.37 0.25
1.37 0.30
1.37 0.35
1.37 0.41
1.37 0.46
1.37 0.52
1.37 0.57
1.37 0.63
1.37 0.68
1.37 0.74
1.37 0.79
1.37 0.85
1.37 0.90
1.37 0.95
1.37 1.01
1.37 1.06
1.37 1.12
1.37 1.17
1.37 1.23
1.37 1.28
1.37 1.34
1.37 1.39
1.37 1.45
1.37 1.50
56
3.00 -1.50
3.00 -1.45
3.00 -1.39
3.00 -1.34
3.00 -1.28
3.00 -1.23
3.00 -1.17
3.00 -1.12
3.00 -1.06
3.00 -1.01
3.00 -0.95
3.00 -0.90
3.00 -0.85
3.00 -0.79
3.00 -0.74
3.00 -0.68
3.00 -0.63
3.00 -0.57
3.00 -0.52
3.00 -0.46
3.00 -0.41
3.00 -0.35
3.00 -0.30
3.00 -0.25
3.00 -0.19
3.00 -0.14
3.00 -0.08
3.00 -0.03
3.00 0.03
3.00 0.08
3.00 0.14
3.00 0.19
3.00 0.25
3.00 0.30
3.00 0.35
3.00 0.41
3.00 0.46
3.00 0.52
3.00 0.57
3.00 0.63
3.00 0.68
3.00 0.74
3.00 0.79
3.00 0.85
3.00 0.90
3.00 0.95
3.00 1.01
3.00 1.06
3.00 1.12
3.00 1.17
3.00 1.23
3.00 1.28
3.00 1.34
3.00 1.39
3.00 1.45
3.00 1.50
