56
-0.63 1.50
-0.62 1.50
-0.60 1.50
-0.58 1.50
-0.56 1.50
-0.54 1.50
-0.52 1.50
-0.51 1.50
-0.49 1.50
-0.47 1.50
-0.45 1.50
-0.43 1.50
-0.42 1.50
-0.40 1.50
-0.38 1.50
-0.36 1.50
-0.34 1.50
-0.32 1.50
-0.31 1.50
-0.29 1.50
-0.27 1.50
-0.25 1.50
-0.23 1.50
-0.22 1.50
-0.20 1.50
-0.18 1.50
-0.16 1.50
-0.14 1.50
-0.12 1.50
-0.11 1.50
-0.09 1.50
-0.07 1.50
-0.05 1.50
-0.03 1.50
-0.02 1.50
0.00 1.50
0.02 1.50
0.04 1.50
0.06 1.50
0.08 1.50
0.09 1.50
0.11 1.50
0.13 1.50
0.15 1.50
0.17 1.50
0.18 1.50
0.20 1.50
0.22 1.50
0.24 1.50
0.26 1.50
0.28 1.50
0.29 1.50
0.31 1.50
0.33 1.50
0.35 1.50
0.37 1.50
56
-0.63 -1.50
-0.62 -1.50
-0.60 -1.50
-0.58 -1.50
-0.56 -1.50
-0.54 -1.50
-0.52 -1.50
-0.51 -1.50
-0.49 -1.50
-0.47 -1.50
-0.45 -1.50
-0.43 -1.50
-0.42 -1.50
-0.40 -1.50
-0.38 -1.50
-0.36 -1.50
-0.34 -1.50
-0.32 -1.50
-0.31 -1.50
-0.29 -1.50
-0.27 -1.50
-0.25 -1.50
-0.23 -1.50
-0.22 -1.50
-0.20 -1.50
-0.18 -1.50
-0.16 -1.50
-0.14 -1.50
-0.12 -1.50
-0.11 -1.50
-0.09 -1.50
-0.07 -1.50
-0.05 -1.50
-0.03 -1.50
-0.02 -1.50
0.00 -1.50
0.02 -1.50
0.04 -1.50
0.06 -1.50
0.08 -1.50
0.09 -1.50
0.11 -1.50
0.13 -1.50
0.15 -1.50
0.17 -1.50
0.18 -1.50
0.20 -1.50
0.22 -1.50
0.24 -1.50
0.26 -1.50
0.28 -1.50
0.29 -1.50
0.31 -1.50
0.33 -1.50
0.35 -1.50
0.37 -1.50
56
-0.63 -1.50
-0.63 -1.45
-0.63 -1.39
-0.63 -1.34
-0.63 -1.28
-0.63 -1.23
-0.63 -1.17
-0.63 -1.12
-0.63 -1.06
-0.63 -1.01
-0.63 -0.95
-0.63 -0.90
-0.63 -0.85
-0.63 -0.79
-0.63 -0.74
-0.63 -0.68
-0.63 -0.63
-0.63 -0.57
-0.63 -0.52
-0.63 -0.46
-0.63 -0.41
-0.63 -0.35
-0.63 -0.30
-0.63 -0.25
-0.63 -0.19
-0.63 -0.14
-0.63 -0.08
-0.63 -0.03
-0.63 0.03
-0.63 0.08
-0.63 0.14
-0.63 0.19
-0.63 0.25
-0.63 0.30
-0.63 0.35
-0.63 0.41
-0.63 0.46
-0.63 0.52
-0.63 0.57
-0.63 0.63
-0.63 0.68
-0.63 0.74
-0.63 0.79
-0.63 0.85
-0.63 0.90
-0.63 0.95
-0.63 1.01
-0.63 1.06
-0.63 1.12
-0.63 1.17
-0.63 1.23
-0.63 1.28
-0.63 1.34
-0.63 1.39
-0.63 1.45
-0.63 1.50
56
0.37 -1.50
0.37 -1.40
0.37 -1.29
0.37 -1.19
0.37 -1.09
0.37 -0.99
0.37 -0.88
0.37 -0.78
0.37 -0.68
0.37 -0.57
0.37 -0.47
0.37 -0.37
0.37 -0.27
0.37 -0.16
0.37 -0.06
0.12 -0.06
0.10 -0.05
0.08 -0.05
0.06 -0.05
0.05 -0.04
0.04 -0.04
0.03 -0.04
0.02 -0.03
0.01 -0.02
0.01 -0.01
0.00 0.00
0.01 0.01
0.01 0.02
0.02 0.03
0.03 0.04
0.04 0.04
0.05 0.04
0.06 0.05
0.08 0.05
0.10 0.05
0.12 0.06
0.15 0.06
0.17 0.06
0.20 0.06
0.23 0.06
0.25 0.06
0.28 0.06
0.37 0.06
0.37 0.17
0.37 0.28
0.37 0.39
0.37 0.50
0.37 0.61
0.37 0.73
0.37 0.84
0.37 0.95
0.37 1.06
0.37 1.17
0.37 1.28
0.37 1.39
0.37 1.50
