56
-1.00 1.50
-0.99 1.50
-0.99 1.50
-0.98 1.50
-0.97 1.50
-0.97 1.50
-0.96 1.50
-0.95 1.50
-0.95 1.50
-0.94 1.50
-0.93 1.50
-0.93 1.50
-0.92 1.50
-0.91 1.50
-0.91 1.50
-0.90 1.50
-0.89 1.50
-0.89 1.50
-0.88 1.50
-0.87 1.50
-0.87 1.50
-0.86 1.50
-0.85 1.50
-0.85 1.50
-0.84 1.50
-0.83 1.50
-0.83 1.50
-0.82 1.50
-0.81 1.50
-0.81 1.50
-0.80 1.50
-0.79 1.50
-0.79 1.50
-0.78 1.50
-0.77 1.50
-0.77 1.50
-0.76 1.50
-0.75 1.50
-0.75 1.50
-0.74 1.50
-0.73 1.50
-0.73 1.50
-0.72 1.50
-0.71 1.50
-0.71 1.50
-0.70 1.50
-0.69 1.50
-0.69 1.50
-0.68 1.50
-0.67 1.50
-0.67 1.50
-0.66 1.50
-0.65 1.50
-0.65 1.50
-0.64 1.50
-0.63 1.50
56
-1.00 -1.50
-0.99 -1.50
-0.99 -1.50
-0.98 -1.50
-0.97 -1.50
-0.97 -1.50
-0.96 -1.50
-0.95 -1.50
-0.95 -1.50
-0.94 -1.50
-0.93 -1.50
-0.93 -1.50
-0.92 -1.50
-0.91 -1.50
-0.91 -1.50
-0.90 -1.50
-0.89 -1.50
-0.89 -1.50
-0.88 -1.50
-0.87 -1.50
-0.87 -1.50
-0.86 -1.50
-0.85 -1.50
-0.85 -1.50
-0.84 -1.50
-0.83 -1.50
-0.83 -1.50
-0.82 -1.50
-0.81 -1.50
-0.81 -1.50
-0.80 -1.50
-0.79 -1.50
-0.79 -1.50
-0.78 -1.50
-0.77 -1.50
-0.77 -1.50
-0.76 -1.50
-0.75 -1.50
-0.75 -1.50
-0.74 -1.50
-0.73 -1.50
-0.73 -1.50
-0.72 -1.50
-0.71 -1.50
-0.71 -1.50
-0.70 -1.50
-0.69 -1.50
-0.69 -1.50
-0.68 -1.50
-0.67 -1.50
-0.67 -1.50
-0.66 -1.50
-0.65 -1.50
-0.65 -1.50
-0.64 -1.50
-0.63 -1.50
56
-1.00 -1.50
-1.00 -1.45
-1.00 -1.39
-1.00 -1.34
-1.00 -1.28
-1.00 -1.23
-1.00 -1.17
-1.00 -1.12
-1.00 -1.06
-1.00 -1.01
-1.00 -0.95
-1.00 -0.90
-1.00 -0.85
-1.00 -0.79
-1.00 -0.74
-1.00 -0.68
-1.00 -0.63
-1.00 -0.57
-1.00 -0.52
-1.00 -0.46
-1.00 -0.41
-1.00 -0.35
-1.00 -0.30
-1.00 -0.25
-1.00 -0.19
-1.00 -0.14
-1.00 -0.08
-1.00 -0.03
-1.00 0.03
-1.00 0.08
-1.00 0.14
-1.00 0.19
-1.00 0.25
-1.00 0.30
-1.00 0.35
-1.00 0.41
-1.00 0.46
-1.00 0.52
-1.00 0.57
-1.00 0.63
-1.00 0.68
-1.00 0.74
-1.00 0.79
-1.00 0.85
-1.00 0.90
-1.00 0.95
-1.00 1.01
-1.00 1.06
-1.00 1.12
-1.00 1.17
-1.00 1.23
-1.00 1.28
-1.00 1.34
-1.00 1.39
-1.00 1.45
-1.00 1.50
56
-0.63 -1.50
-0.63 -1.45
-0.63 -1.39
-0.63 -1.34
-0.63 -1.28
-0.63 -1.23
-0.63 -1.17
-0.63 -1.12
-0.63 -1.06
-0.63 -1.01
-0.63 -0.95
-0.63 -0.90
-0.63 -0.85
-0.63 -0.79
-0.63 -0.74
-0.63 -0.68
-0.63 -0.63
-0.63 -0.57
-0.63 -0.52
-0.63 -0.46
-0.63 -0.41
-0.63 -0.35
-0.63 -0.30
-0.63 -0.25
-0.63 -0.19
-0.63 -0.14
-0.63 -0.08
-0.63 -0.03
-0.63 0.03
-0.63 0.08
-0.63 0.14
-0.63 0.19
-0.63 0.25
-0.63 0.30
-0.63 0.35
-0.63 0.41
-0.63 0.46
-0.63 0.52
-0.63 0.57
-0.63 0.63
-0.63 0.68
-0.63 0.74
-0.63 0.79
-0.63 0.85
-0.63 0.90
-0.63 0.95
-0.63 1.01
-0.63 1.06
-0.63 1.12
-0.63 1.17
-0.63 1.23
-0.63 1.28
-0.63 1.34
-0.63 1.39
-0.63 1.45
-0.63 1.50
