30
0.37 0.06
0.37 0.15
0.37 0.23
0.37 0.31
0.37 0.40
0.37 0.48
0.37 0.57
0.37 0.65
0.37 0.74
0.37 0.82
0.37 0.91
0.37 0.99
0.37 1.08
0.37 1.16
0.37 1.25
0.37 1.33
0.37 1.42
0.37 1.50
0.37 1.50
0.46 1.50
0.55 1.50
0.64 1.50
0.73 1.50
0.82 1.50
0.91 1.50
1.00 1.50
1.09 1.50
1.18 1.50
1.28 1.50
1.37 1.50
30
0.37 -0.06
0.37 -0.15
0.37 -0.23
0.37 -0.31
0.37 -0.40
0.37 -0.48
0.37 -0.57
0.37 -0.65
0.37 -0.74
0.37 -0.82
0.37 -0.91
0.37 -0.99
0.37 -1.08
0.37 -1.16
0.37 -1.25
0.37 -1.33
0.37 -1.42
0.37 -1.50
0.37 -1.50
0.46 -1.50
0.55 -1.50
0.64 -1.50
0.73 -1.50
0.82 -1.50
0.91 -1.50
1.00 -1.50
1.09 -1.50
1.18 -1.50
1.28 -1.50
1.37 -1.50
30
0.37 -0.06
0.35 -0.06
0.40 -0.06
0.45 -0.06
0.50 -0.05
0.55 -0.05
0.60 -0.05
0.65 -0.04
0.70 -0.04
0.75 -0.03
0.80 -0.03
0.85 -0.02
0.90 -0.01
0.95 -0.01
1.00 -0.00
1.00 0.01
0.95 0.01
0.90 0.02
0.85 0.03
0.80 0.03
0.75 0.04
0.70 0.04
0.65 0.05
0.60 0.05
0.55 0.05
0.50 0.06
0.45 0.06
0.40 0.06
0.35 0.06
0.37 0.06
30
1.37 -1.50
1.37 -1.40
1.37 -1.29
1.37 -1.19
1.37 -1.09
1.37 -0.98
1.37 -0.88
1.37 -0.78
1.37 -0.67
1.37 -0.57
1.37 -0.47
1.37 -0.36
1.37 -0.26
1.37 -0.16
1.37 -0.05
1.37 0.05
1.37 0.16
1.37 0.26
1.37 0.36
1.37 0.47
1.37 0.57
1.37 0.67
1.37 0.78
1.37 0.88
1.37 0.98
1.37 1.09
1.37 1.19
1.37 1.29
1.37 1.40
1.37 1.50
