30
1.37 1.50
1.42 1.50
1.48 1.50
1.54 1.50
1.59 1.50
1.65 1.50
1.70 1.50
1.76 1.50
1.82 1.50
1.87 1.50
1.93 1.50
1.99 1.50
2.04 1.50
2.10 1.50
2.16 1.50
2.21 1.50
2.27 1.50
2.32 1.50
2.38 1.50
2.44 1.50
2.49 1.50
2.55 1.50
2.61 1.50
2.66 1.50
2.72 1.50
2.77 1.50
2.83 1.50
2.89 1.50
2.94 1.50
3.00 1.50
30
1.37 -1.50
1.42 -1.50
1.48 -1.50
1.54 -1.50
1.59 -1.50
1.65 -1.50
1.70 -1.50
1.76 -1.50
1.82 -1.50
1.87 -1.50
1.93 -1.50
1.99 -1.50
2.04 -1.50
2.10 -1.50
2.16 -1.50
2.21 -1.50
2.27 -1.50
2.32 -1.50
2.38 -1.50
2.44 -1.50
2.49 -1.50
2.55 -1.50
2.61 -1.50
2.66 -1.50
2.72 -1.50
2.77 -1.50
2.83 -1.50
2.89 -1.50
2.94 -1.50
3.00 -1.50
30
1.37 -1.50
1.37 -1.40
1.37 -1.29
1.37 -1.19
1.37 -1.09
1.37 -0.98
1.37 -0.88
1.37 -0.78
1.37 -0.67
1.37 -0.57
1.37 -0.47
1.37 -0.36
1.37 -0.26
1.37 -0.16
1.37 -0.05
1.37 0.05
1.37 0.16
1.37 0.26
1.37 0.36
1.37 0.47
1.37 0.57
1.37 0.67
1.37 0.78
1.37 0.88
1.37 0.98
1.37 1.09
1.37 1.19
1.37 1.29
1.37 1.40
1.37 1.50
30
3.00 -1.50
3.00 -1.40
3.00 -1.29
3.00 -1.19
3.00 -1.09
3.00 -0.98
3.00 -0.88
3.00 -0.78
3.00 -0.67
3.00 -0.57
3.00 -0.47
3.00 -0.36
3.00 -0.26
3.00 -0.16
3.00 -0.05
3.00 0.05
3.00 0.16
3.00 0.26
3.00 0.36
3.00 0.47
3.00 0.57
3.00 0.67
3.00 0.78
3.00 0.88
3.00 0.98
3.00 1.09
3.00 1.19
3.00 1.29
3.00 1.40
3.00 1.50
