30
-1.00 1.50
-0.99 1.50
-0.97 1.50
-0.96 1.50
-0.95 1.50
-0.94 1.50
-0.92 1.50
-0.91 1.50
-0.90 1.50
-0.89 1.50
-0.87 1.50
-0.86 1.50
-0.85 1.50
-0.84 1.50
-0.82 1.50
-0.81 1.50
-0.80 1.50
-0.79 1.50
-0.77 1.50
-0.76 1.50
-0.75 1.50
-0.73 1.50
-0.72 1.50
-0.71 1.50
-0.70 1.50
-0.68 1.50
-0.67 1.50
-0.66 1.50
-0.65 1.50
-0.63 1.50
30
-1.00 -1.50
-0.99 -1.50
-0.97 -1.50
-0.96 -1.50
-0.95 -1.50
-0.94 -1.50
-0.92 -1.50
-0.91 -1.50
-0.90 -1.50
-0.89 -1.50
-0.87 -1.50
-0.86 -1.50
-0.85 -1.50
-0.84 -1.50
-0.82 -1.50
-0.81 -1.50
-0.80 -1.50
-0.79 -1.50
-0.77 -1.50
-0.76 -1.50
-0.75 -1.50
-0.73 -1.50
-0.72 -1.50
-0.71 -1.50
-0.70 -1.50
-0.68 -1.50
-0.67 -1.50
-0.66 -1.50
-0.65 -1.50
-0.63 -1.50
30
-1.00 -1.50
-1.00 -1.40
-1.00 -1.29
-1.00 -1.19
-1.00 -1.09
-1.00 -0.98
-1.00 -0.88
-1.00 -0.78
-1.00 -0.67
-1.00 -0.57
-1.00 -0.47
-1.00 -0.36
-1.00 -0.26
-1.00 -0.16
-1.00 -0.05
-1.00 0.05
-1.00 0.16
-1.00 0.26
-1.00 0.36
-1.00 0.47
-1.00 0.57
-1.00 0.67
-1.00 0.78
-1.00 0.88
-1.00 0.98
-1.00 1.09
-1.00 1.19
-1.00 1.29
-1.00 1.40
-1.00 1.50
30
-0.63 -1.50
-0.63 -1.40
-0.63 -1.29
-0.63 -1.19
-0.63 -1.09
-0.63 -0.98
-0.63 -0.88
-0.63 -0.78
-0.63 -0.67
-0.63 -0.57
-0.63 -0.47
-0.63 -0.36
-0.63 -0.26
-0.63 -0.16
-0.63 -0.05
-0.63 0.05
-0.63 0.16
-0.63 0.26
-0.63 0.36
-0.63 0.47
-0.63 0.57
-0.63 0.67
-0.63 0.78
-0.63 0.88
-0.63 0.98
-0.63 1.09
-0.63 1.19
-0.63 1.29
-0.63 1.40
-0.63 1.50
