30
-0.63 1.50
-0.54 1.50
-0.45 1.50
-0.36 1.50
-0.27 1.50
-0.18 1.50
-0.09 1.50
0.00 1.50
0.09 1.50
0.18 1.50
0.28 1.50
0.37 1.50
0.37 1.50
0.37 1.42
0.37 1.33
0.37 1.25
0.37 1.16
0.37 1.08
0.37 0.99
0.37 0.91
0.37 0.82
0.37 0.74
0.37 0.65
0.37 0.57
0.37 0.48
0.37 0.40
0.37 0.31
0.37 0.23
0.37 0.15
0.37 0.06
30
-0.63 -1.50
-0.54 -1.50
-0.45 -1.50
-0.36 -1.50
-0.27 -1.50
-0.18 -1.50
-0.09 -1.50
0.00 -1.50
0.09 -1.50
0.18 -1.50
0.28 -1.50
0.37 -1.50
0.37 -1.50
0.37 -1.42
0.37 -1.33
0.37 -1.25
0.37 -1.16
0.37 -1.08
0.37 -0.99
0.37 -0.91
0.37 -0.82
0.37 -0.74
0.37 -0.65
0.37 -0.57
0.37 -0.48
0.37 -0.40
0.37 -0.31
0.37 -0.23
0.37 -0.15
0.37 -0.06
30
-0.63 -1.50
-0.63 -1.40
-0.63 -1.29
-0.63 -1.19
-0.63 -1.09
-0.63 -0.98
-0.63 -0.88
-0.63 -0.78
-0.63 -0.67
-0.63 -0.57
-0.63 -0.47
-0.63 -0.36
-0.63 -0.26
-0.63 -0.16
-0.63 -0.05
-0.63 0.05
-0.63 0.16
-0.63 0.26
-0.63 0.36
-0.63 0.47
-0.63 0.57
-0.63 0.67
-0.63 0.78
-0.63 0.88
-0.63 0.98
-0.63 1.09
-0.63 1.19
-0.63 1.29
-0.63 1.40
-0.63 1.50
30
0.37 -0.06
0.17 -0.06
0.15 -0.06
0.12 -0.06
0.10 -0.05
0.08 -0.05
0.06 -0.05
0.05 -0.04
0.04 -0.04
0.03 -0.04
0.02 -0.03
0.01 -0.02
0.01 -0.01
0.00 0.00
0.01 0.01
0.01 0.02
0.02 0.03
0.03 0.04
0.04 0.04
0.05 0.04
0.06 0.05
0.08 0.05
0.10 0.05
0.12 0.06
0.15 0.06
0.17 0.06
0.20 0.06
0.23 0.06
0.25 0.06
0.37 0.06
