48
0.00 2.00
0.06 2.00
0.13 2.00
0.19 2.00
0.26 2.00
0.32 2.00
0.38 2.00
0.45 2.00
0.51 2.00
0.57 2.00
0.64 2.00
0.70 2.00
0.77 2.00
0.83 2.00
0.89 2.00
0.96 2.00
1.02 2.00
1.09 2.00
1.15 2.00
1.21 2.00
1.28 2.00
1.34 2.00
1.40 2.00
1.47 2.00
1.53 2.00
1.60 2.00
1.66 2.00
1.72 2.00
1.79 2.00
1.85 2.00
1.91 2.00
1.98 2.00
2.04 2.00
2.11 2.00
2.17 2.00
2.23 2.00
2.30 2.00
2.36 2.00
2.43 2.00
2.49 2.00
2.55 2.00
2.62 2.00
2.68 2.00
2.74 2.00
2.81 2.00
2.87 2.00
2.94 2.00
3.00 2.00
48
0.00 -2.00
0.06 -2.00
0.13 -2.00
0.19 -2.00
0.26 -2.00
0.32 -2.00
0.38 -2.00
0.45 -2.00
0.51 -2.00
0.57 -2.00
0.64 -2.00
0.70 -2.00
0.77 -2.00
0.83 -2.00
0.89 -2.00
0.96 -2.00
1.02 -2.00
1.09 -2.00
1.15 -2.00
1.21 -2.00
1.28 -2.00
1.34 -2.00
1.40 -2.00
1.47 -2.00
1.53 -2.00
1.60 -2.00
1.66 -2.00
1.72 -2.00
1.79 -2.00
1.85 -2.00
1.91 -2.00
1.98 -2.00
2.04 -2.00
2.11 -2.00
2.17 -2.00
2.23 -2.00
2.30 -2.00
2.36 -2.00
2.43 -2.00
2.49 -2.00
2.55 -2.00
2.62 -2.00
2.68 -2.00
2.74 -2.00
2.81 -2.00
2.87 -2.00
2.94 -2.00
3.00 -2.00
48
0.00 -2.00
0.00 -1.92
0.00 -1.83
0.00 -1.75
0.00 -1.67
0.00 -1.58
0.00 -1.50
0.00 -1.42
0.00 -1.33
0.00 -1.25
0.00 -1.17
0.00 -1.08
0.00 -1.00
0.06 -1.00
0.19 -0.98
0.31 -0.95
0.43 -0.90
0.54 -0.84
0.64 -0.77
0.73 -0.68
0.81 -0.59
0.88 -0.48
0.93 -0.37
0.97 -0.25
1.00 0.00
0.99 0.13
0.97 0.25
0.93 0.37
0.88 0.48
0.81 0.59
0.73 0.68
0.64 0.77
0.54 0.84
0.43 0.90
0.31 0.95
0.19 0.98
0.00 1.00
0.00 1.09
0.00 1.18
0.00 1.27
0.00 1.36
0.00 1.45
0.00 1.54
0.00 1.64
0.00 1.73
0.00 1.82
0.00 1.91
0.00 2.00
48
3.00 -2.00
3.00 -1.91
3.00 -1.83
3.00 -1.74
3.00 -1.66
3.00 -1.57
3.00 -1.49
3.00 -1.40
3.00 -1.32
3.00 -1.23
3.00 -1.15
3.00 -1.06
3.00 -0.98
3.00 -0.89
3.00 -0.81
3.00 -0.72
3.00 -0.64
3.00 -0.55
3.00 -0.47
3.00 -0.38
3.00 -0.30
3.00 -0.21
3.00 -0.13
3.00 -0.04
3.00 0.04
3.00 0.13
3.00 0.21
3.00 0.30
3.00 0.38
3.00 0.47
3.00 0.55
3.00 0.64
3.00 0.72
3.00 0.81
3.00 0.89
3.00 0.98
3.00 1.06
3.00 1.15
3.00 1.23
3.00 1.32
3.00 1.40
3.00 1.49
3.00 1.57
3.00 1.66
3.00 1.74
3.00 1.83
3.00 1.91
3.00 2.00
