24
3.00 2.00
3.13 2.00
3.26 2.00
3.39 2.00
3.52 2.00
3.65 2.00
3.78 2.00
3.92 2.00
4.05 2.00
4.18 2.00
4.31 2.00
4.44 2.00
4.57 2.00
4.70 2.00
4.83 2.00
4.96 2.00
5.09 2.00
5.22 2.00
5.35 2.00
5.48 2.00
5.62 2.00
5.75 2.00
5.88 2.00
6.01 2.00
24
3.00 -2.00
3.13 -2.00
3.26 -2.00
3.39 -2.00
3.52 -2.00
3.65 -2.00
3.78 -2.00
3.92 -2.00
4.05 -2.00
4.18 -2.00
4.31 -2.00
4.44 -2.00
4.57 -2.00
4.70 -2.00
4.83 -2.00
4.96 -2.00
5.09 -2.00
5.22 -2.00
5.35 -2.00
5.48 -2.00
5.62 -2.00
5.75 -2.00
5.88 -2.00
6.01 -2.00
24
3.00 -2.00
3.00 -1.83
3.00 -1.65
3.00 -1.48
3.00 -1.30
3.00 -1.13
3.00 -0.96
3.00 -0.78
3.00 -0.61
3.00 -0.43
3.00 -0.26
3.00 -0.09
3.00 0.09
3.00 0.26
3.00 0.43
3.00 0.61
3.00 0.78
3.00 0.96
3.00 1.13
3.00 1.30
3.00 1.48
3.00 1.65
3.00 1.83
3.00 2.00
24
6.01 -2.00
6.01 -1.83
6.01 -1.65
6.01 -1.48
6.01 -1.30
6.01 -1.13
6.01 -0.96
6.01 -0.78
6.01 -0.61
6.01 -0.43
6.01 -0.26
6.01 -0.09
6.01 0.09
6.01 0.26
6.01 0.43
6.01 0.61
6.01 0.78
6.01 0.96
6.01 1.13
6.01 1.30
6.01 1.48
6.01 1.65
6.01 1.83
6.01 2.00
