24
0.00 2.00
0.13 2.00
0.26 2.00
0.39 2.00
0.52 2.00
0.65 2.00
0.78 2.00
0.91 2.00
1.04 2.00
1.17 2.00
1.30 2.00
1.43 2.00
1.57 2.00
1.70 2.00
1.83 2.00
1.96 2.00
2.09 2.00
2.22 2.00
2.35 2.00
2.48 2.00
2.61 2.00
2.74 2.00
2.87 2.00
3.00 2.00
24
0.00 -2.00
0.13 -2.00
0.26 -2.00
0.39 -2.00
0.52 -2.00
0.65 -2.00
0.78 -2.00
0.91 -2.00
1.04 -2.00
1.17 -2.00
1.30 -2.00
1.43 -2.00
1.57 -2.00
1.70 -2.00
1.83 -2.00
1.96 -2.00
2.09 -2.00
2.22 -2.00
2.35 -2.00
2.48 -2.00
2.61 -2.00
2.74 -2.00
2.87 -2.00
3.00 -2.00
24
0.00 -2.00
0.00 -1.83
0.00 -1.67
0.00 -1.50
0.00 -1.33
0.00 -1.17
0.00 -1.00
0.31 -0.95
0.54 -0.84
0.73 -0.68
0.88 -0.48
0.97 -0.25
1.00 0.00
0.97 0.25
0.88 0.48
0.73 0.68
0.54 0.84
0.31 0.95
0.00 1.00
0.00 1.20
0.00 1.40
0.00 1.60
0.00 1.80
0.00 2.00
24
3.00 -2.00
3.00 -1.83
3.00 -1.65
3.00 -1.48
3.00 -1.30
3.00 -1.13
3.00 -0.96
3.00 -0.78
3.00 -0.61
3.00 -0.43
3.00 -0.26
3.00 -0.09
3.00 0.09
3.00 0.26
3.00 0.43
3.00 0.61
3.00 0.78
3.00 0.96
3.00 1.13
3.00 1.30
3.00 1.48
3.00 1.65
3.00 1.83
3.00 2.00
