24
-3.99 2.00
-3.95 2.00
-3.91 2.00
-3.86 2.00
-3.82 2.00
-3.78 2.00
-3.73 2.00
-3.69 2.00
-3.65 2.00
-3.60 2.00
-3.56 2.00
-3.52 2.00
-3.47 2.00
-3.43 2.00
-3.39 2.00
-3.35 2.00
-3.30 2.00
-3.26 2.00
-3.22 2.00
-3.17 2.00
-3.13 2.00
-3.09 2.00
-3.04 2.00
-3.00 2.00
24
-3.99 -2.00
-3.95 -2.00
-3.91 -2.00
-3.86 -2.00
-3.82 -2.00
-3.78 -2.00
-3.73 -2.00
-3.69 -2.00
-3.65 -2.00
-3.60 -2.00
-3.56 -2.00
-3.52 -2.00
-3.47 -2.00
-3.43 -2.00
-3.39 -2.00
-3.35 -2.00
-3.30 -2.00
-3.26 -2.00
-3.22 -2.00
-3.17 -2.00
-3.13 -2.00
-3.09 -2.00
-3.04 -2.00
-3.00 -2.00
24
-3.99 -2.00
-3.99 -1.83
-3.99 -1.65
-3.99 -1.48
-3.99 -1.30
-3.99 -1.13
-3.99 -0.96
-3.99 -0.78
-3.99 -0.61
-3.99 -0.43
-3.99 -0.26
-3.99 -0.09
-3.99 0.09
-3.99 0.26
-3.99 0.43
-3.99 0.61
-3.99 0.78
-3.99 0.96
-3.99 1.13
-3.99 1.30
-3.99 1.48
-3.99 1.65
-3.99 1.83
-3.99 2.00
24
-3.00 -2.00
-3.00 -1.83
-3.00 -1.65
-3.00 -1.48
-3.00 -1.30
-3.00 -1.13
-3.00 -0.96
-3.00 -0.78
-3.00 -0.61
-3.00 -0.43
-3.00 -0.26
-3.00 -0.09
-3.00 0.09
-3.00 0.26
-3.00 0.43
-3.00 0.61
-3.00 0.78
-3.00 0.96
-3.00 1.13
-3.00 1.30
-3.00 1.48
-3.00 1.65
-3.00 1.83
-3.00 2.00
