26
-4.00 2.00
-3.96 2.00
-3.92 2.00
-3.88 2.00
-3.84 2.00
-3.80 2.00
-3.76 2.00
-3.72 2.00
-3.68 2.00
-3.64 2.00
-3.60 2.00
-3.56 2.00
-3.52 2.00
-3.48 2.00
-3.44 2.00
-3.40 2.00
-3.36 2.00
-3.32 2.00
-3.28 2.00
-3.24 2.00
-3.20 2.00
-3.16 2.00
-3.12 2.00
-3.08 2.00
-3.04 2.00
-3.00 2.00
26
-4.00 -2.00
-3.96 -2.00
-3.92 -2.00
-3.88 -2.00
-3.84 -2.00
-3.80 -2.00
-3.76 -2.00
-3.72 -2.00
-3.68 -2.00
-3.64 -2.00
-3.60 -2.00
-3.56 -2.00
-3.52 -2.00
-3.48 -2.00
-3.44 -2.00
-3.40 -2.00
-3.36 -2.00
-3.32 -2.00
-3.28 -2.00
-3.24 -2.00
-3.20 -2.00
-3.16 -2.00
-3.12 -2.00
-3.08 -2.00
-3.04 -2.00
-3.00 -2.00
26
-4.00 -2.00
-4.00 -1.84
-4.00 -1.68
-4.00 -1.52
-4.00 -1.36
-4.00 -1.20
-4.00 -1.04
-4.00 -0.88
-4.00 -0.72
-4.00 -0.56
-4.00 -0.40
-4.00 -0.24
-4.00 -0.08
-4.00 0.08
-4.00 0.24
-4.00 0.40
-4.00 0.56
-4.00 0.72
-4.00 0.88
-4.00 1.04
-4.00 1.20
-4.00 1.36
-4.00 1.52
-4.00 1.68
-4.00 1.84
-4.00 2.00
26
-3.00 -2.00
-3.00 -1.84
-3.00 -1.68
-3.00 -1.52
-3.00 -1.36
-3.00 -1.20
-3.00 -1.04
-3.00 -0.88
-3.00 -0.72
-3.00 -0.56
-3.00 -0.40
-3.00 -0.24
-3.00 -0.08
-3.00 0.08
-3.00 0.24
-3.00 0.40
-3.00 0.56
-3.00 0.72
-3.00 0.88
-3.00 1.04
-3.00 1.20
-3.00 1.36
-3.00 1.52
-3.00 1.68
-3.00 1.84
-3.00 2.00
