48
3.00 2.00
3.06 2.00
3.13 2.00
3.19 2.00
3.26 2.00
3.32 2.00
3.38 2.00
3.45 2.00
3.51 2.00
3.57 2.00
3.64 2.00
3.70 2.00
3.77 2.00
3.83 2.00
3.89 2.00
3.96 2.00
4.02 2.00
4.09 2.00
4.15 2.00
4.21 2.00
4.28 2.00
4.34 2.00
4.40 2.00
4.47 2.00
4.53 2.00
4.60 2.00
4.66 2.00
4.72 2.00
4.79 2.00
4.85 2.00
4.91 2.00
4.98 2.00
5.04 2.00
5.11 2.00
5.17 2.00
5.23 2.00
5.30 2.00
5.36 2.00
5.43 2.00
5.49 2.00
5.55 2.00
5.62 2.00
5.68 2.00
5.74 2.00
5.81 2.00
5.87 2.00
5.94 2.00
6.00 2.00
48
3.00 -2.00
3.06 -2.00
3.13 -2.00
3.19 -2.00
3.26 -2.00
3.32 -2.00
3.38 -2.00
3.45 -2.00
3.51 -2.00
3.57 -2.00
3.64 -2.00
3.70 -2.00
3.77 -2.00
3.83 -2.00
3.89 -2.00
3.96 -2.00
4.02 -2.00
4.09 -2.00
4.15 -2.00
4.21 -2.00
4.28 -2.00
4.34 -2.00
4.40 -2.00
4.47 -2.00
4.53 -2.00
4.60 -2.00
4.66 -2.00
4.72 -2.00
4.79 -2.00
4.85 -2.00
4.91 -2.00
4.98 -2.00
5.04 -2.00
5.11 -2.00
5.17 -2.00
5.23 -2.00
5.30 -2.00
5.36 -2.00
5.43 -2.00
5.49 -2.00
5.55 -2.00
5.62 -2.00
5.68 -2.00
5.74 -2.00
5.81 -2.00
5.87 -2.00
5.94 -2.00
6.00 -2.00
48
3.00 -2.00
3.00 -1.91
3.00 -1.83
3.00 -1.74
3.00 -1.66
3.00 -1.57
3.00 -1.49
3.00 -1.40
3.00 -1.32
3.00 -1.23
3.00 -1.15
3.00 -1.06
3.00 -0.98
3.00 -0.89
3.00 -0.81
3.00 -0.72
3.00 -0.64
3.00 -0.55
3.00 -0.47
3.00 -0.38
3.00 -0.30
3.00 -0.21
3.00 -0.13
3.00 -0.04
3.00 0.04
3.00 0.13
3.00 0.21
3.00 0.30
3.00 0.38
3.00 0.47
3.00 0.55
3.00 0.64
3.00 0.72
3.00 0.81
3.00 0.89
3.00 0.98
3.00 1.06
3.00 1.15
3.00 1.23
3.00 1.32
3.00 1.40
3.00 1.49
3.00 1.57
3.00 1.66
3.00 1.74
3.00 1.83
3.00 1.91
3.00 2.00
48
6.00 -2.00
6.00 -1.91
6.00 -1.83
6.00 -1.74
6.00 -1.66
6.00 -1.57
6.00 -1.49
6.00 -1.40
6.00 -1.32
6.00 -1.23
6.00 -1.15
6.00 -1.06
6.00 -0.98
6.00 -0.89
6.00 -0.81
6.00 -0.72
6.00 -0.64
6.00 -0.55
6.00 -0.47
6.00 -0.38
6.00 -0.30
6.00 -0.21
6.00 -0.13
6.00 -0.04
6.00 0.04
6.00 0.13
6.00 0.21
6.00 0.30
6.00 0.38
6.00 0.47
6.00 0.55
6.00 0.64
6.00 0.72
6.00 0.81
6.00 0.89
6.00 0.98
6.00 1.06
6.00 1.15
6.00 1.23
6.00 1.32
6.00 1.40
6.00 1.49
6.00 1.57
6.00 1.66
6.00 1.74
6.00 1.83
6.00 1.91
6.00 2.00
