50
-3.00 2.00
-2.90 2.00
-2.80 2.00
-2.70 2.00
-2.60 2.00
-2.50 2.00
-2.40 2.00
-2.30 2.00
-2.20 2.00
-2.10 2.00
-2.00 2.00
-1.90 2.00
-1.80 2.00
-1.70 2.00
-1.60 2.00
-1.50 2.00
-1.40 2.00
-1.30 2.00
-1.20 2.00
-1.10 2.00
-1.00 2.00
-0.90 2.00
-0.80 2.00
-0.70 2.00
-0.60 2.00
-0.50 2.00
-0.40 2.00
-0.30 2.00
-0.20 2.00
-0.10 2.00
0.00 2.00
0.00 1.77
0.00 1.68
0.00 1.60
0.00 1.54
0.00 1.49
0.00 1.44
0.00 1.39
0.00 1.35
0.00 1.31
0.00 1.27
0.00 1.24
0.00 1.21
0.00 1.17
0.00 1.14
0.00 1.11
0.00 1.08
0.00 1.05
0.00 1.03
0.00 1.00
50
-3.00 -2.00
-2.90 -2.00
-2.80 -2.00
-2.70 -2.00
-2.60 -2.00
-2.50 -2.00
-2.40 -2.00
-2.30 -2.00
-2.20 -2.00
-2.10 -2.00
-2.00 -2.00
-1.90 -2.00
-1.80 -2.00
-1.70 -2.00
-1.60 -2.00
-1.50 -2.00
-1.40 -2.00
-1.30 -2.00
-1.20 -2.00
-1.10 -2.00
-1.00 -2.00
-0.90 -2.00
-0.80 -2.00
-0.70 -2.00
-0.60 -2.00
-0.50 -2.00
-0.40 -2.00
-0.30 -2.00
-0.20 -2.00
-0.10 -2.00
0.00 -2.00
0.00 -1.77
0.00 -1.68
0.00 -1.60
0.00 -1.54
0.00 -1.49
0.00 -1.44
0.00 -1.39
0.00 -1.35
0.00 -1.31
0.00 -1.27
0.00 -1.24
0.00 -1.21
0.00 -1.17
0.00 -1.14
0.00 -1.11
0.00 -1.08
0.00 -1.05
0.00 -1.03
0.00 -1.00
50
-3.00 -2.00
-3.00 -1.92
-3.00 -1.84
-3.00 -1.76
-3.00 -1.67
-3.00 -1.59
-3.00 -1.51
-3.00 -1.43
-3.00 -1.35
-3.00 -1.27
-3.00 -1.18
-3.00 -1.10
-3.00 -1.02
-3.00 -0.94
-3.00 -0.86
-3.00 -0.78
-3.00 -0.69
-3.00 -0.61
-3.00 -0.53
-3.00 -0.45
-3.00 -0.37
-3.00 -0.29
-3.00 -0.20
-3.00 -0.12
-3.00 -0.04
-3.00 0.04
-3.00 0.12
-3.00 0.20
-3.00 0.29
-3.00 0.37
-3.00 0.45
-3.00 0.53
-3.00 0.61
-3.00 0.69
-3.00 0.78
-3.00 0.86
-3.00 0.94
-3.00 1.02
-3.00 1.10
-3.00 1.18
-3.00 1.27
-3.00 1.35
-3.00 1.43
-3.00 1.51
-3.00 1.59
-3.00 1.67
-3.00 1.76
-3.00 1.84
-3.00 1.92
-3.00 2.00
50
0.00 -1.00
-0.13 -0.99
-0.19 -0.98
-0.25 -0.97
-0.31 -0.95
-0.37 -0.93
-0.43 -0.90
-0.48 -0.88
-0.54 -0.84
-0.59 -0.81
-0.64 -0.77
-0.68 -0.73
-0.73 -0.68
-0.77 -0.64
-0.81 -0.59
-0.84 -0.54
-0.88 -0.48
-0.90 -0.43
-0.93 -0.37
-0.95 -0.31
-0.97 -0.25
-0.98 -0.19
-0.99 -0.13
-1.00 -0.06
-1.00 -0.00
-1.00 0.06
-0.99 0.13
-0.98 0.19
-0.97 0.25
-0.95 0.31
-0.93 0.37
-0.90 0.43
-0.88 0.48
-0.84 0.54
-0.81 0.59
-0.77 0.64
-0.73 0.68
-0.68 0.73
-0.64 0.77
-0.59 0.81
-0.54 0.84
-0.48 0.88
-0.43 0.90
-0.37 0.93
-0.31 0.95
-0.25 0.97
-0.19 0.98
-0.13 0.99
-0.06 1.00
0.00 1.00
