50
3.00 2.00
3.06 2.00
3.12 2.00
3.18 2.00
3.24 2.00
3.31 2.00
3.37 2.00
3.43 2.00
3.49 2.00
3.55 2.00
3.61 2.00
3.67 2.00
3.73 2.00
3.80 2.00
3.86 2.00
3.92 2.00
3.98 2.00
4.04 2.00
4.10 2.00
4.16 2.00
4.22 2.00
4.29 2.00
4.35 2.00
4.41 2.00
4.47 2.00
4.53 2.00
4.59 2.00
4.65 2.00
4.71 2.00
4.78 2.00
4.84 2.00
4.90 2.00
4.96 2.00
5.02 2.00
5.08 2.00
5.14 2.00
5.20 2.00
5.27 2.00
5.33 2.00
5.39 2.00
5.45 2.00
5.51 2.00
5.57 2.00
5.63 2.00
5.69 2.00
5.76 2.00
5.82 2.00
5.88 2.00
5.94 2.00
6.00 2.00
50
3.00 -2.00
3.06 -2.00
3.12 -2.00
3.18 -2.00
3.24 -2.00
3.31 -2.00
3.37 -2.00
3.43 -2.00
3.49 -2.00
3.55 -2.00
3.61 -2.00
3.67 -2.00
3.73 -2.00
3.80 -2.00
3.86 -2.00
3.92 -2.00
3.98 -2.00
4.04 -2.00
4.10 -2.00
4.16 -2.00
4.22 -2.00
4.29 -2.00
4.35 -2.00
4.41 -2.00
4.47 -2.00
4.53 -2.00
4.59 -2.00
4.65 -2.00
4.71 -2.00
4.78 -2.00
4.84 -2.00
4.90 -2.00
4.96 -2.00
5.02 -2.00
5.08 -2.00
5.14 -2.00
5.20 -2.00
5.27 -2.00
5.33 -2.00
5.39 -2.00
5.45 -2.00
5.51 -2.00
5.57 -2.00
5.63 -2.00
5.69 -2.00
5.76 -2.00
5.82 -2.00
5.88 -2.00
5.94 -2.00
6.00 -2.00
50
3.00 -2.00
3.00 -1.80
3.00 -1.60
3.00 -1.40
3.00 -1.20
3.00 -1.00
3.00 -0.95
3.00 -0.90
3.00 -0.85
3.00 -0.79
3.00 -0.74
3.00 -0.69
3.00 -0.64
3.00 -0.59
3.00 -0.54
3.00 -0.49
3.00 -0.44
3.00 -0.38
3.00 -0.33
3.00 -0.28
3.00 -0.23
3.00 -0.18
3.00 -0.13
3.00 -0.08
3.00 -0.03
3.00 0.03
3.00 0.08
3.00 0.13
3.00 0.18
3.00 0.23
3.00 0.28
3.00 0.33
3.00 0.38
3.00 0.44
3.00 0.49
3.00 0.54
3.00 0.59
3.00 0.64
3.00 0.69
3.00 0.74
3.00 0.79
3.00 0.85
3.00 0.90
3.00 0.95
3.00 1.00
3.00 1.20
3.00 1.40
3.00 1.60
3.00 1.80
3.00 2.00
50
6.00 -2.00
6.00 -1.80
6.00 -1.60
6.00 -1.40
6.00 -1.20
6.00 -1.00
6.00 -0.95
6.00 -0.90
6.00 -0.85
6.00 -0.79
6.00 -0.74
6.00 -0.69
6.00 -0.64
6.00 -0.59
6.00 -0.54
6.00 -0.49
6.00 -0.44
6.00 -0.38
6.00 -0.33
6.00 -0.28
6.00 -0.23
6.00 -0.18
6.00 -0.13
6.00 -0.08
6.00 -0.03
6.00 0.03
6.00 0.08
6.00 0.13
6.00 0.18
6.00 0.23
6.00 0.28
6.00 0.33
6.00 0.38
6.00 0.44
6.00 0.49
6.00 0.54
6.00 0.59
6.00 0.64
6.00 0.69
6.00 0.74
6.00 0.79
6.00 0.85
6.00 0.90
6.00 0.95
6.00 1.00
6.00 1.20
6.00 1.40
6.00 1.60
6.00 1.80
6.00 2.00
