26
3.00 2.00
3.12 2.00
3.24 2.00
3.36 2.00
3.48 2.00
3.60 2.00
3.72 2.00
3.84 2.00
3.96 2.00
4.08 2.00
4.20 2.00
4.32 2.00
4.44 2.00
4.56 2.00
4.68 2.00
4.80 2.00
4.92 2.00
5.04 2.00
5.16 2.00
5.28 2.00
5.40 2.00
5.52 2.00
5.64 2.00
5.76 2.00
5.88 2.00
6.00 2.00
26
3.00 -2.00
3.12 -2.00
3.24 -2.00
3.36 -2.00
3.48 -2.00
3.60 -2.00
3.72 -2.00
3.84 -2.00
3.96 -2.00
4.08 -2.00
4.20 -2.00
4.32 -2.00
4.44 -2.00
4.56 -2.00
4.68 -2.00
4.80 -2.00
4.92 -2.00
5.04 -2.00
5.16 -2.00
5.28 -2.00
5.40 -2.00
5.52 -2.00
5.64 -2.00
5.76 -2.00
5.88 -2.00
6.00 -2.00
26
3.00 -2.00
3.00 -1.67
3.00 -1.33
3.00 -1.00
3.00 -0.89
3.00 -0.79
3.00 -0.68
3.00 -0.58
3.00 -0.47
3.00 -0.37
3.00 -0.26
3.00 -0.16
3.00 -0.05
3.00 0.05
3.00 0.16
3.00 0.26
3.00 0.37
3.00 0.47
3.00 0.58
3.00 0.68
3.00 0.79
3.00 0.89
3.00 1.00
3.00 1.33
3.00 1.67
3.00 2.00
26
6.00 -2.00
6.00 -1.67
6.00 -1.33
6.00 -1.00
6.00 -0.89
6.00 -0.79
6.00 -0.68
6.00 -0.58
6.00 -0.47
6.00 -0.37
6.00 -0.26
6.00 -0.16
6.00 -0.05
6.00 0.05
6.00 0.16
6.00 0.26
6.00 0.37
6.00 0.47
6.00 0.58
6.00 0.68
6.00 0.79
6.00 0.89
6.00 1.00
6.00 1.33
6.00 1.67
6.00 2.00
