26
-3.00 2.00
-2.80 2.00
-2.60 2.00
-2.40 2.00
-2.20 2.00
-2.00 2.00
-1.80 2.00
-1.60 2.00
-1.40 2.00
-1.20 2.00
-1.00 2.00
-0.80 2.00
-0.60 2.00
-0.40 2.00
-0.20 2.00
-0.00 2.00
-0.00 1.68
-0.00 1.55
-0.00 1.45
-0.00 1.37
-0.00 1.29
-0.00 1.23
-0.00 1.16
-0.00 1.11
-0.00 1.05
-0.00 1.00
26
-3.00 -2.00
-2.80 -2.00
-2.60 -2.00
-2.40 -2.00
-2.20 -2.00
-2.00 -2.00
-1.80 -2.00
-1.60 -2.00
-1.40 -2.00
-1.20 -2.00
-1.00 -2.00
-0.80 -2.00
-0.60 -2.00
-0.40 -2.00
-0.20 -2.00
-0.00 -2.00
-0.00 -1.68
-0.00 -1.55
-0.00 -1.45
-0.00 -1.37
-0.00 -1.29
-0.00 -1.23
-0.00 -1.16
-0.00 -1.11
-0.00 -1.05
-0.00 -1.00
26
-3.00 -2.00
-3.00 -1.84
-3.00 -1.68
-3.00 -1.52
-3.00 -1.36
-3.00 -1.20
-3.00 -1.04
-3.00 -0.88
-3.00 -0.72
-3.00 -0.56
-3.00 -0.40
-3.00 -0.24
-3.00 -0.08
-3.00 0.08
-3.00 0.24
-3.00 0.40
-3.00 0.56
-3.00 0.72
-3.00 0.88
-3.00 1.04
-3.00 1.20
-3.00 1.36
-3.00 1.52
-3.00 1.68
-3.00 1.84
-3.00 2.00
26
-0.00 -1.00
-0.24 -0.97
-0.35 -0.94
-0.46 -0.89
-0.57 -0.82
-0.66 -0.75
-0.75 -0.66
-0.82 -0.57
-0.89 -0.46
-0.94 -0.35
-0.97 -0.24
-0.99 -0.12
-1.00 0.00
-0.99 0.12
-0.97 0.24
-0.94 0.35
-0.89 0.46
-0.82 0.57
-0.75 0.66
-0.66 0.75
-0.57 0.82
-0.46 0.89
-0.35 0.94
-0.24 0.97
-0.12 0.99
-0.00 1.00
