48
-4.00 2.00
-3.98 2.00
-3.96 2.00
-3.94 2.00
-3.91 2.00
-3.89 2.00
-3.87 2.00
-3.85 2.00
-3.83 2.00
-3.81 2.00
-3.79 2.00
-3.77 2.00
-3.74 2.00
-3.72 2.00
-3.70 2.00
-3.68 2.00
-3.66 2.00
-3.64 2.00
-3.62 2.00
-3.60 2.00
-3.57 2.00
-3.55 2.00
-3.53 2.00
-3.51 2.00
-3.49 2.00
-3.47 2.00
-3.45 2.00
-3.43 2.00
-3.40 2.00
-3.38 2.00
-3.36 2.00
-3.34 2.00
-3.32 2.00
-3.30 2.00
-3.28 2.00
-3.26 2.00
-3.23 2.00
-3.21 2.00
-3.19 2.00
-3.17 2.00
-3.15 2.00
-3.13 2.00
-3.11 2.00
-3.09 2.00
-3.06 2.00
-3.04 2.00
-3.02 2.00
-3.00 2.00
48
-4.00 -2.00
-3.98 -2.00
-3.96 -2.00
-3.94 -2.00
-3.91 -2.00
-3.89 -2.00
-3.87 -2.00
-3.85 -2.00
-3.83 -2.00
-3.81 -2.00
-3.79 -2.00
-3.77 -2.00
-3.74 -2.00
-3.72 -2.00
-3.70 -2.00
-3.68 -2.00
-3.66 -2.00
-3.64 -2.00
-3.62 -2.00
-3.60 -2.00
-3.57 -2.00
-3.55 -2.00
-3.53 -2.00
-3.51 -2.00
-3.49 -2.00
-3.47 -2.00
-3.45 -2.00
-3.43 -2.00
-3.40 -2.00
-3.38 -2.00
-3.36 -2.00
-3.34 -2.00
-3.32 -2.00
-3.30 -2.00
-3.28 -2.00
-3.26 -2.00
-3.23 -2.00
-3.21 -2.00
-3.19 -2.00
-3.17 -2.00
-3.15 -2.00
-3.13 -2.00
-3.11 -2.00
-3.09 -2.00
-3.06 -2.00
-3.04 -2.00
-3.02 -2.00
-3.00 -2.00
48
-4.00 -2.00
-4.00 -1.91
-4.00 -1.83
-4.00 -1.74
-4.00 -1.66
-4.00 -1.57
-4.00 -1.49
-4.00 -1.40
-4.00 -1.32
-4.00 -1.23
-4.00 -1.15
-4.00 -1.06
-4.00 -0.98
-4.00 -0.89
-4.00 -0.81
-4.00 -0.72
-4.00 -0.64
-4.00 -0.55
-4.00 -0.47
-4.00 -0.38
-4.00 -0.30
-4.00 -0.21
-4.00 -0.13
-4.00 -0.04
-4.00 0.04
-4.00 0.13
-4.00 0.21
-4.00 0.30
-4.00 0.38
-4.00 0.47
-4.00 0.55
-4.00 0.64
-4.00 0.72
-4.00 0.81
-4.00 0.89
-4.00 0.98
-4.00 1.06
-4.00 1.15
-4.00 1.23
-4.00 1.32
-4.00 1.40
-4.00 1.49
-4.00 1.57
-4.00 1.66
-4.00 1.74
-4.00 1.83
-4.00 1.91
-4.00 2.00
48
-3.00 -2.00
-3.00 -1.91
-3.00 -1.83
-3.00 -1.74
-3.00 -1.66
-3.00 -1.57
-3.00 -1.49
-3.00 -1.40
-3.00 -1.32
-3.00 -1.23
-3.00 -1.15
-3.00 -1.06
-3.00 -0.98
-3.00 -0.89
-3.00 -0.81
-3.00 -0.72
-3.00 -0.64
-3.00 -0.55
-3.00 -0.47
-3.00 -0.38
-3.00 -0.30
-3.00 -0.21
-3.00 -0.13
-3.00 -0.04
-3.00 0.04
-3.00 0.13
-3.00 0.21
-3.00 0.30
-3.00 0.38
-3.00 0.47
-3.00 0.55
-3.00 0.64
-3.00 0.72
-3.00 0.81
-3.00 0.89
-3.00 0.98
-3.00 1.06
-3.00 1.15
-3.00 1.23
-3.00 1.32
-3.00 1.40
-3.00 1.49
-3.00 1.57
-3.00 1.66
-3.00 1.74
-3.00 1.83
-3.00 1.91
-3.00 2.00
