50
-4.00 2.00
-3.98 2.00
-3.96 2.00
-3.94 2.00
-3.92 2.00
-3.90 2.00
-3.88 2.00
-3.86 2.00
-3.84 2.00
-3.82 2.00
-3.80 2.00
-3.78 2.00
-3.76 2.00
-3.73 2.00
-3.71 2.00
-3.69 2.00
-3.67 2.00
-3.65 2.00
-3.63 2.00
-3.61 2.00
-3.59 2.00
-3.57 2.00
-3.55 2.00
-3.53 2.00
-3.51 2.00
-3.49 2.00
-3.47 2.00
-3.45 2.00
-3.43 2.00
-3.41 2.00
-3.39 2.00
-3.37 2.00
-3.35 2.00
-3.33 2.00
-3.31 2.00
-3.29 2.00
-3.27 2.00
-3.24 2.00
-3.22 2.00
-3.20 2.00
-3.18 2.00
-3.16 2.00
-3.14 2.00
-3.12 2.00
-3.10 2.00
-3.08 2.00
-3.06 2.00
-3.04 2.00
-3.02 2.00
-3.00 2.00
50
-4.00 -2.00
-3.98 -2.00
-3.96 -2.00
-3.94 -2.00
-3.92 -2.00
-3.90 -2.00
-3.88 -2.00
-3.86 -2.00
-3.84 -2.00
-3.82 -2.00
-3.80 -2.00
-3.78 -2.00
-3.76 -2.00
-3.73 -2.00
-3.71 -2.00
-3.69 -2.00
-3.67 -2.00
-3.65 -2.00
-3.63 -2.00
-3.61 -2.00
-3.59 -2.00
-3.57 -2.00
-3.55 -2.00
-3.53 -2.00
-3.51 -2.00
-3.49 -2.00
-3.47 -2.00
-3.45 -2.00
-3.43 -2.00
-3.41 -2.00
-3.39 -2.00
-3.37 -2.00
-3.35 -2.00
-3.33 -2.00
-3.31 -2.00
-3.29 -2.00
-3.27 -2.00
-3.24 -2.00
-3.22 -2.00
-3.20 -2.00
-3.18 -2.00
-3.16 -2.00
-3.14 -2.00
-3.12 -2.00
-3.10 -2.00
-3.08 -2.00
-3.06 -2.00
-3.04 -2.00
-3.02 -2.00
-3.00 -2.00
50
-4.00 -2.00
-4.00 -1.92
-4.00 -1.84
-4.00 -1.76
-4.00 -1.67
-4.00 -1.59
-4.00 -1.51
-4.00 -1.43
-4.00 -1.35
-4.00 -1.27
-4.00 -1.18
-4.00 -1.10
-4.00 -1.02
-4.00 -0.94
-4.00 -0.86
-4.00 -0.78
-4.00 -0.69
-4.00 -0.61
-4.00 -0.53
-4.00 -0.45
-4.00 -0.37
-4.00 -0.29
-4.00 -0.20
-4.00 -0.12
-4.00 -0.04
-4.00 0.04
-4.00 0.12
-4.00 0.20
-4.00 0.29
-4.00 0.37
-4.00 0.45
-4.00 0.53
-4.00 0.61
-4.00 0.69
-4.00 0.78
-4.00 0.86
-4.00 0.94
-4.00 1.02
-4.00 1.10
-4.00 1.18
-4.00 1.27
-4.00 1.35
-4.00 1.43
-4.00 1.51
-4.00 1.59
-4.00 1.67
-4.00 1.76
-4.00 1.84
-4.00 1.92
-4.00 2.00
50
-3.00 -2.00
-3.00 -1.92
-3.00 -1.84
-3.00 -1.76
-3.00 -1.67
-3.00 -1.59
-3.00 -1.51
-3.00 -1.43
-3.00 -1.35
-3.00 -1.27
-3.00 -1.18
-3.00 -1.10
-3.00 -1.02
-3.00 -0.94
-3.00 -0.86
-3.00 -0.78
-3.00 -0.69
-3.00 -0.61
-3.00 -0.53
-3.00 -0.45
-3.00 -0.37
-3.00 -0.29
-3.00 -0.20
-3.00 -0.12
-3.00 -0.04
-3.00 0.04
-3.00 0.12
-3.00 0.20
-3.00 0.29
-3.00 0.37
-3.00 0.45
-3.00 0.53
-3.00 0.61
-3.00 0.69
-3.00 0.78
-3.00 0.86
-3.00 0.94
-3.00 1.02
-3.00 1.10
-3.00 1.18
-3.00 1.27
-3.00 1.35
-3.00 1.43
-3.00 1.51
-3.00 1.59
-3.00 1.67
-3.00 1.76
-3.00 1.84
-3.00 1.92
-3.00 2.00
