63
1.00 0.00
0.95 0.01
0.90 0.01
0.85 0.02
0.80 0.03
0.75 0.03
0.70 0.04
0.65 0.04
0.60 0.05
0.55 0.05
0.50 0.05
0.45 0.06
0.40 0.06
0.35 0.06
0.30 0.06
0.28 0.06
0.25 0.06
0.23 0.06
0.20 0.06
0.17 0.06
0.15 0.06
0.12 0.06
0.10 0.05
0.08 0.05
0.06 0.05
0.05 0.04
0.04 0.04
0.03 0.04
0.02 0.03
0.01 0.02
0.01 0.01
0.00 0.00
0.01 -0.01
0.01 -0.02
0.02 -0.03
0.03 -0.04
0.04 -0.04
0.05 -0.04
0.06 -0.05
0.08 -0.05
0.10 -0.05
0.12 -0.06
0.15 -0.06
0.17 -0.06
0.20 -0.06
0.23 -0.06
0.25 -0.06
0.28 -0.06
0.30 -0.06
0.35 -0.06
0.40 -0.06
0.45 -0.06
0.50 -0.05
0.55 -0.05
0.60 -0.05
0.65 -0.04
0.70 -0.04
0.75 -0.03
0.80 -0.03
0.85 -0.02
0.90 -0.01
0.95 -0.01
1.00 -0.00
63
2.00 0.00
2.00 0.19
2.00 0.37
2.00 0.56
2.00 0.56
1.86 0.56
1.71 0.56
1.57 0.56
1.43 0.56
1.29 0.56
1.14 0.56
1.00 0.56
0.86 0.56
0.71 0.56
0.57 0.56
0.43 0.56
0.29 0.56
0.14 0.56
0.00 0.56
-0.14 0.56
-0.29 0.56
-0.43 0.56
-0.57 0.56
-0.71 0.56
-0.86 0.56
-1.00 0.56
-1.00 0.56
-1.00 0.40
-1.00 0.24
-1.00 0.08
-1.00 -0.08
-1.00 -0.24
-1.00 -0.40
-1.00 -0.56
-1.00 -0.56
-0.86 -0.56
-0.71 -0.56
-0.57 -0.56
-0.43 -0.56
-0.29 -0.56
-0.14 -0.56
0.00 -0.56
0.14 -0.56
0.29 -0.56
0.43 -0.56
0.57 -0.56
0.71 -0.56
0.86 -0.56
1.00 -0.56
1.14 -0.56
1.29 -0.56
1.43 -0.56
1.57 -0.56
1.71 -0.56
1.86 -0.56
2.00 -0.56
2.00 -0.56
2.00 -0.47
2.00 -0.37
2.00 -0.28
2.00 -0.19
2.00 -0.09
2.00 -0.00
63
2.00 0.00
1.98 0.00
1.97 0.00
1.95 0.00
1.94 0.00
1.92 0.00
1.90 0.00
1.89 0.00
1.87 0.00
1.85 0.00
1.84 0.00
1.82 0.00
1.81 0.00
1.79 0.00
1.77 0.00
1.76 0.00
1.74 0.00
1.73 0.00
1.71 0.00
1.69 0.00
1.68 0.00
1.66 0.00
1.65 0.00
1.63 0.00
1.61 0.00
1.60 0.00
1.58 0.00
1.56 0.00
1.55 0.00
1.53 0.00
1.52 0.00
1.50 0.00
1.48 0.00
1.47 0.00
1.45 0.00
1.44 0.00
1.42 0.00
1.40 0.00
1.39 0.00
1.37 0.00
1.35 0.00
1.34 0.00
1.32 0.00
1.31 0.00
1.29 0.00
1.27 0.00
1.26 0.00
1.24 0.00
1.23 0.00
1.21 0.00
1.19 0.00
1.18 0.00
1.16 0.00
1.15 0.00
1.13 0.00
1.11 0.00
1.10 0.00
1.08 0.00
1.06 0.00
1.05 0.00
1.03 0.00
1.02 0.00
1.00 0.00
63
2.00 -0.00
1.98 -0.00
1.97 -0.00
1.95 -0.00
1.94 -0.00
1.92 -0.00
1.90 -0.00
1.89 -0.00
1.87 -0.00
1.85 -0.00
1.84 -0.00
1.82 -0.00
1.81 -0.00
1.79 -0.00
1.77 -0.00
1.76 -0.00
1.74 -0.00
1.73 -0.00
1.71 -0.00
1.69 -0.00
1.68 -0.00
1.66 -0.00
1.65 -0.00
1.63 -0.00
1.61 -0.00
1.60 -0.00
1.58 -0.00
1.56 -0.00
1.55 -0.00
1.53 -0.00
1.52 -0.00
1.50 -0.00
1.48 -0.00
1.47 -0.00
1.45 -0.00
1.44 -0.00
1.42 -0.00
1.40 -0.00
1.39 -0.00
1.37 -0.00
1.35 -0.00
1.34 -0.00
1.32 -0.00
1.31 -0.00
1.29 -0.00
1.27 -0.00
1.26 -0.00
1.24 -0.00
1.23 -0.00
1.21 -0.00
1.19 -0.00
1.18 -0.00
1.16 -0.00
1.15 -0.00
1.13 -0.00
1.11 -0.00
1.10 -0.00
1.08 -0.00
1.06 -0.00
1.05 -0.00
1.03 -0.00
1.02 -0.00
1.00 -0.00
